  1.0736E-20    7.5361E-10    2.6232E-11   -0.0000E+00    0.0000E+00    7.2737E-10    1.1631E-05    1.1631E-05    1.1631E-05
  2.7102E-17    7.5361E-10    2.6232E-11   -0.0000E+00    0.0000E+00    7.2737E-10   -1.9174E-04   -1.9174E-04   -1.9174E-04
  1.3551E-17    7.5361E-10    2.6232E-11   -0.0000E+00    0.0000E+00    7.2737E-10   -9.0013E-05   -9.0013E-05   -9.0013E-05
  3.0538E-16    7.5361E-10    2.6232E-11   -0.0000E+00    0.0000E+00    7.2737E-10    2.9710E-06    2.9710E-06    2.9710E-06
  2.0233E-15    7.5361E-10    2.6232E-11   -0.0000E+00    0.0000E+00    7.2737E-10   -1.4345E-05   -1.4345E-05   -1.4345E-05
  6.4775E-15    7.5361E-10    2.6232E-11   -0.0000E+00    0.0000E+00    7.2737E-10   -4.1175E-06   -4.1175E-06   -4.1176E-06
  2.4218E-14    7.5361E-10    2.6232E-11   -0.0000E+00    0.0000E+00    7.2737E-10    1.6799E-06    1.6799E-06    1.6799E-06
  1.6204E-13    7.5361E-10    2.6232E-11   -0.0000E+00    0.0000E+00    7.2737E-10    3.4941E-06    3.4941E-06    3.4940E-06
  1.5403E-12    7.5361E-10    2.6232E-11   -0.0000E+00    0.0000E+00    7.2737E-10    3.7615E-06    3.7615E-06    3.7615E-06
  1.5323E-11    7.5360E-10    2.6232E-11   -0.0000E+00    0.0000E+00    7.2737E-10    3.7672E-06    3.7672E-06    3.7672E-06
  1.1974E-10    7.5359E-10    2.6232E-11   -0.0000E+00    0.0000E+00    7.2736E-10    3.7668E-06    3.7668E-06    3.7668E-06
  2.2415E-10    7.5358E-10    2.6232E-11   -0.0000E+00    0.0000E+00    7.2735E-10    3.7663E-06    3.7663E-06    3.7663E-06
  1.2683E-09    7.5348E-10    2.6229E-11   -0.0000E+00    0.0000E+00    7.2725E-10    3.7618E-06    3.7618E-06    3.7618E-06
  5.5022E-10    7.5355E-10    2.6231E-11   -0.0000E+00    0.0000E+00    7.2732E-10    3.7649E-06    3.7649E-06    3.7649E-06
  8.7629E-10    7.5352E-10    2.6230E-11   -0.0000E+00    0.0000E+00    7.2729E-10    3.7635E-06    3.7635E-06    3.7635E-06
  1.2024E-09    7.5348E-10    2.6229E-11   -0.0000E+00    0.0000E+00    7.2726E-10    3.7621E-06    3.7621E-06    3.7620E-06
  1.5284E-09    7.5345E-10    2.6228E-11   -0.0000E+00    0.0000E+00    7.2722E-10    3.7607E-06    3.7607E-06    3.7606E-06
  2.2169E-09    7.5338E-10    2.6226E-11   -0.0000E+00    0.0000E+00    7.2716E-10    3.7577E-06    3.7577E-06    3.7576E-06
  3.4807E-09    7.5325E-10    2.6222E-11   -0.0000E+00    0.0000E+00    7.2703E-10    3.7522E-06    3.7522E-06    3.7521E-06
  5.8482E-09    7.5302E-10    2.6216E-11   -0.0000E+00    0.0000E+00    7.2680E-10    3.7419E-06    3.7419E-06    3.7418E-06
  9.9998E-09    7.5260E-10    2.6204E-11   -0.0000E+00    0.0000E+00    7.2639E-10    3.7239E-06    3.7239E-06    3.7238E-06
  1.4152E-08    7.5218E-10    2.6192E-11   -0.0000E+00    0.0000E+00    7.2598E-10    3.7059E-06    3.7059E-06    3.7059E-06
  1.8303E-08    7.5176E-10    2.6180E-11   -0.0000E+00    0.0000E+00    7.2558E-10    3.6879E-06    3.6879E-06    3.6879E-06
  2.2455E-08    7.5134E-10    2.6168E-11   -0.0000E+00    0.0000E+00    7.2517E-10    3.6700E-06    3.6700E-06    3.6700E-06
  2.9862E-08    7.5059E-10    2.6147E-11   -0.0000E+00    0.0000E+00    7.2445E-10    3.6382E-06    3.6382E-06    3.6382E-06
  3.7268E-08    7.4985E-10    2.6126E-11   -0.0000E+00    0.0000E+00    7.2372E-10    3.6065E-06    3.6065E-06    3.6064E-06
  4.4675E-08    7.4910E-10    2.6105E-11   -0.0000E+00    0.0000E+00    7.2300E-10    3.5748E-06    3.5748E-06    3.5748E-06
  5.2081E-08    7.4836E-10    2.6084E-11   -0.0000E+00    0.0000E+00    7.2227E-10    3.5433E-06    3.5433E-06    3.5433E-06
  5.9488E-08    7.4761E-10    2.6063E-11   -0.0000E+00    0.0000E+00    7.2155E-10    3.5119E-06    3.5119E-06    3.5119E-06
  7.2365E-08    7.4632E-10    2.6026E-11   -0.0000E+00    0.0000E+00    7.2030E-10    3.4576E-06    3.4576E-06    3.4576E-06
  8.5241E-08    7.4503E-10    2.5989E-11   -0.0000E+00    0.0000E+00    7.1904E-10    3.4036E-06    3.4036E-06    3.4036E-06
  9.8118E-08    7.4375E-10    2.5953E-11   -0.0000E+00    0.0000E+00    7.1779E-10    3.3500E-06    3.3500E-06    3.3500E-06
  1.1099E-07    7.4246E-10    2.5916E-11   -0.0000E+00    0.0000E+00    7.1655E-10    3.2968E-06    3.2968E-06    3.2967E-06
  1.2387E-07    7.4118E-10    2.5880E-11   -0.0000E+00    0.0000E+00    7.1530E-10    3.2438E-06    3.2438E-06    3.2438E-06
  1.4682E-07    7.3890E-10    2.5815E-11   -0.0000E+00    0.0000E+00    7.1309E-10    3.1503E-06    3.1503E-06    3.1503E-06
  1.6978E-07    7.3663E-10    2.5750E-11   -0.0000E+00    0.0000E+00    7.1088E-10    3.0579E-06    3.0579E-06    3.0579E-06
  1.9273E-07    7.3436E-10    2.5685E-11   -0.0000E+00    0.0000E+00    7.0868E-10    2.9666E-06    2.9666E-06    2.9666E-06
  2.1568E-07    7.3211E-10    2.5620E-11   -0.0000E+00    0.0000E+00    7.0648E-10    2.8764E-06    2.8764E-06    2.8764E-06
  2.3864E-07    7.2985E-10    2.5556E-11   -0.0000E+00    0.0000E+00    7.0430E-10    2.7872E-06    2.7872E-06    2.7872E-06
  2.7550E-07    7.2625E-10    2.5452E-11   -0.0000E+00    0.0000E+00    7.0080E-10    2.6464E-06    2.6464E-06    2.6464E-06
  3.1235E-07    7.2267E-10    2.5349E-11   -0.0000E+00    0.0000E+00    6.9732E-10    2.5083E-06    2.5083E-06    2.5083E-06
  3.4921E-07    7.1910E-10    2.5246E-11   -0.0000E+00    0.0000E+00    6.9386E-10    2.3730E-06    2.3730E-06    2.3730E-06
  3.8607E-07    7.1556E-10    2.5144E-11   -0.0000E+00    0.0000E+00    6.9041E-10    2.2404E-06    2.2404E-06    2.2404E-06
  4.2293E-07    7.1203E-10    2.5041E-11   -0.0000E+00    0.0000E+00    6.8698E-10    2.1106E-06    2.1106E-06    2.1106E-06
  4.5979E-07    7.0851E-10    2.4939E-11   -0.0000E+00    0.0000E+00    6.8357E-10    1.9836E-06    1.9836E-06    1.9835E-06
  4.9665E-07    7.0502E-10    2.4838E-11   -0.0000E+00    0.0000E+00    6.8018E-10    1.8592E-06    1.8592E-06    1.8592E-06
  5.3351E-07    7.0154E-10    2.4736E-11   -0.0000E+00    0.0000E+00    6.7680E-10    1.7375E-06    1.7375E-06    1.7375E-06
  5.7036E-07    6.9808E-10    2.4635E-11   -0.0000E+00    0.0000E+00    6.7344E-10    1.6184E-06    1.6184E-06    1.6184E-06
  6.0722E-07    6.9464E-10    2.4534E-11   -0.0000E+00    0.0000E+00    6.7010E-10    1.5020E-06    1.5020E-06    1.5020E-06
  6.4408E-07    6.9121E-10    2.4434E-11   -0.0000E+00    0.0000E+00    6.6678E-10    1.3883E-06    1.3883E-06    1.3882E-06
  6.8094E-07    6.8780E-10    2.4334E-11   -0.0000E+00    0.0000E+00    6.6347E-10    1.2771E-06    1.2771E-06    1.2770E-06
  7.3822E-07    6.8253E-10    2.4179E-11   -0.0000E+00    0.0000E+00    6.5836E-10    1.1093E-06    1.1093E-06    1.1093E-06
  7.9551E-07    6.7731E-10    2.4024E-11   -0.0000E+00    0.0000E+00    6.5329E-10    9.4768E-07    9.4768E-07    9.4766E-07
  8.5279E-07    6.7213E-10    2.3870E-11   -0.0000E+00    0.0000E+00    6.4826E-10    7.9201E-07    7.9201E-07    7.9199E-07
  9.1007E-07    6.6698E-10    2.3717E-11   -0.0000E+00    0.0000E+00    6.4326E-10    6.4221E-07    6.4221E-07    6.4218E-07
  9.6736E-07    6.6188E-10    2.3565E-11   -0.0000E+00    0.0000E+00    6.3831E-10    4.9816E-07    4.9816E-07    4.9814E-07
  1.0246E-06    6.5681E-10    2.3413E-11   -0.0000E+00    0.0000E+00    6.3340E-10    3.5974E-07    3.5974E-07    3.5972E-07
  1.0819E-06    6.5178E-10    2.3263E-11   -0.0000E+00    0.0000E+00    6.2852E-10    2.2684E-07    2.2684E-07    2.2681E-07
  1.1392E-06    6.4679E-10    2.3113E-11   -0.0000E+00    0.0000E+00    6.2368E-10    9.9328E-08    9.9328E-08    9.9304E-08
  1.1965E-06    6.4184E-10    2.2963E-11   -0.0000E+00    0.0000E+00    6.1888E-10   -2.2910E-08   -2.2910E-08   -2.2932E-08
  1.2538E-06    6.3693E-10    2.2815E-11   -0.0000E+00    0.0000E+00    6.1412E-10   -1.4001E-07   -1.4001E-07   -1.4004E-07
  1.3111E-06    6.3206E-10    2.2667E-11   -0.0000E+00    0.0000E+00    6.0939E-10   -2.5212E-07   -2.5212E-07   -2.5214E-07
  1.3683E-06    6.2722E-10    2.2519E-11   -0.0000E+00    0.0000E+00    6.0470E-10   -3.5930E-07   -3.5930E-07   -3.5932E-07
  1.4256E-06    6.2242E-10    2.2373E-11   -0.0000E+00    0.0000E+00    6.0005E-10   -4.6172E-07   -4.6172E-07   -4.6174E-07
  1.4829E-06    6.1766E-10    2.2227E-11   -0.0000E+00    0.0000E+00    5.9543E-10   -5.5959E-07   -5.5959E-07   -5.5961E-07
  1.5402E-06    6.1293E-10    2.2082E-11   -0.0000E+00    0.0000E+00    5.9085E-10   -6.5285E-07   -6.5285E-07   -6.5287E-07
  1.5975E-06    6.0824E-10    2.1938E-11   -0.0000E+00    0.0000E+00    5.8630E-10   -7.4173E-07   -7.4173E-07   -7.4175E-07
  1.6548E-06    6.0359E-10    2.1794E-11   -0.0000E+00    0.0000E+00    5.8179E-10   -8.2652E-07   -8.2652E-07   -8.2655E-07
  1.7120E-06    5.9897E-10    2.1652E-11   -0.0000E+00    0.0000E+00    5.7732E-10   -9.0699E-07   -9.0699E-07   -9.0701E-07
  1.7693E-06    5.9439E-10    2.1510E-11   -0.0000E+00    0.0000E+00    5.7288E-10   -9.8346E-07   -9.8346E-07   -9.8349E-07
  1.8266E-06    5.8984E-10    2.1368E-11   -0.0000E+00    0.0000E+00    5.6847E-10   -1.0563E-06   -1.0563E-06   -1.0564E-06
  1.8839E-06    5.8533E-10    2.1228E-11   -0.0000E+00    0.0000E+00    5.6410E-10   -1.1251E-06   -1.1251E-06   -1.1251E-06
  1.9412E-06    5.8085E-10    2.1088E-11   -0.0000E+00    0.0000E+00    5.5976E-10   -1.1903E-06   -1.1903E-06   -1.1903E-06
  1.9985E-06    5.7641E-10    2.0949E-11   -0.0000E+00    0.0000E+00    5.5546E-10   -1.2523E-06   -1.2523E-06   -1.2523E-06
  2.0557E-06    5.7200E-10    2.0810E-11   -0.0000E+00    0.0000E+00    5.5119E-10   -1.3104E-06   -1.3104E-06   -1.3104E-06
  2.1130E-06    5.6762E-10    2.0672E-11   -0.0000E+00    0.0000E+00    5.4695E-10   -1.3655E-06   -1.3655E-06   -1.3655E-06
  2.1703E-06    5.6328E-10    2.0535E-11   -0.0000E+00    0.0000E+00    5.4274E-10   -1.4175E-06   -1.4175E-06   -1.4175E-06
  2.2276E-06    5.5897E-10    2.0399E-11   -0.0000E+00    0.0000E+00    5.3857E-10   -1.4661E-06   -1.4661E-06   -1.4661E-06
  2.2849E-06    5.5469E-10    2.0264E-11   -0.0000E+00    0.0000E+00    5.3443E-10   -1.5120E-06   -1.5120E-06   -1.5120E-06
  2.3422E-06    5.5045E-10    2.0129E-11   -0.0000E+00    0.0000E+00    5.3032E-10   -1.5551E-06   -1.5551E-06   -1.5552E-06
  2.3994E-06    5.4624E-10    1.9995E-11   -0.0000E+00    0.0000E+00    5.2625E-10   -1.5952E-06   -1.5952E-06   -1.5952E-06
  2.4567E-06    5.4206E-10    1.9862E-11   -0.0000E+00    0.0000E+00    5.2220E-10   -1.6327E-06   -1.6327E-06   -1.6327E-06
  2.5563E-06    5.3487E-10    1.9631E-11   -0.0000E+00    0.0000E+00    5.1524E-10   -1.6929E-06   -1.6929E-06   -1.6929E-06
  2.6560E-06    5.2778E-10    1.9403E-11   -0.0000E+00    0.0000E+00    5.0838E-10   -1.7463E-06   -1.7463E-06   -1.7463E-06
  2.7556E-06    5.2078E-10    1.9178E-11   -0.0000E+00    0.0000E+00    5.0160E-10   -1.7901E-06   -1.7901E-06   -1.7901E-06
  2.8552E-06    5.1387E-10    1.8954E-11   -0.0000E+00    0.0000E+00    4.9492E-10   -1.8311E-06   -1.8311E-06   -1.8311E-06
  2.9548E-06    5.0706E-10    1.8733E-11   -0.0000E+00    0.0000E+00    4.8833E-10   -1.8625E-06   -1.8625E-06   -1.8625E-06
  3.0544E-06    5.0034E-10    1.8513E-11   -0.0000E+00    0.0000E+00    4.8182E-10   -1.8863E-06   -1.8863E-06   -1.8863E-06
  3.1540E-06    4.9370E-10    1.8296E-11   -0.0000E+00    0.0000E+00    4.7541E-10   -1.9134E-06   -1.9134E-06   -1.9135E-06
  3.2536E-06    4.8716E-10    1.8081E-11   -0.0000E+00    0.0000E+00    4.6907E-10   -1.9378E-06   -1.9378E-06   -1.9378E-06
  3.3533E-06    4.8070E-10    1.7868E-11   -0.0000E+00    0.0000E+00    4.6283E-10   -1.9392E-06   -1.9392E-06   -1.9392E-06
  3.4529E-06    4.7432E-10    1.7658E-11   -0.0000E+00    0.0000E+00    4.5667E-10   -1.9434E-06   -1.9434E-06   -1.9434E-06
  3.5525E-06    4.6803E-10    1.7449E-11   -0.0000E+00    0.0000E+00    4.5059E-10   -1.9715E-06   -1.9715E-06   -1.9715E-06
  3.6521E-06    4.6183E-10    1.7242E-11   -0.0000E+00    0.0000E+00    4.4459E-10   -1.9914E-06   -1.9914E-06   -1.9915E-06
  3.7517E-06    4.5571E-10    1.7038E-11   -0.0000E+00    0.0000E+00    4.3867E-10   -1.8977E-06   -1.8977E-06   -1.8977E-06
  3.8513E-06    4.4967E-10    1.6836E-11   -0.0000E+00    0.0000E+00    4.3283E-10   -1.9890E-06   -1.9890E-06   -1.9890E-06
  3.9509E-06    4.4370E-10    1.6635E-11   -0.0000E+00    0.0000E+00    4.2707E-10   -2.0555E-06   -2.0555E-06   -2.0556E-06
  4.0506E-06    4.3782E-10    1.6437E-11   -0.0000E+00    0.0000E+00    4.2139E-10   -1.7769E-06   -1.7769E-06   -1.7769E-06
  4.0236E-06    4.3941E-10    1.6491E-11   -0.0000E+00    0.0000E+00    4.2292E-10   -1.8616E-06   -1.8616E-06   -1.8616E-06
  4.0962E-06    4.3515E-10    1.6347E-11   -0.0000E+00    0.0000E+00    4.1881E-10   -2.0087E-06   -2.0087E-06   -2.0087E-06
  4.1688E-06    4.3094E-10    1.6204E-11   -0.0000E+00    0.0000E+00    4.1474E-10   -2.0418E-06   -2.0418E-06   -2.0418E-06
  4.2414E-06    4.2677E-10    1.6063E-11   -0.0000E+00    0.0000E+00    4.1071E-10   -1.8935E-06   -1.8935E-06   -1.8935E-06
  4.3141E-06    4.2264E-10    1.5922E-11   -0.0000E+00    0.0000E+00    4.0672E-10   -1.5781E-06   -1.5781E-06   -1.5781E-06
  4.3867E-06    4.1855E-10    1.5783E-11   -0.0000E+00    0.0000E+00    4.0276E-10   -2.3152E-06   -2.3152E-06   -2.3152E-06
  4.4593E-06    4.1449E-10    1.5645E-11   -0.0000E+00    0.0000E+00    3.9885E-10   -2.7332E-06   -2.7332E-06   -2.7332E-06
  4.5319E-06    4.1048E-10    1.5508E-11   -0.0000E+00    0.0000E+00    3.9497E-10    4.4841E-07    4.4841E-07    4.4840E-07
  4.5100E-06    4.1169E-10    1.5549E-11   -0.0000E+00    0.0000E+00    3.9614E-10   -7.0454E-07   -7.0454E-07   -7.0455E-07
  4.5608E-06    4.0890E-10    1.5453E-11   -0.0000E+00    0.0000E+00    3.9344E-10   -3.2992E-06   -3.2992E-06   -3.2992E-06
  4.6115E-06    4.0613E-10    1.5358E-11   -0.0000E+00    0.0000E+00    3.9077E-10   -2.6747E-06   -2.6747E-06   -2.6747E-06
  4.6623E-06    4.0338E-10    1.5264E-11   -0.0000E+00    0.0000E+00    3.8811E-10   -2.3603E-07   -2.3603E-07   -2.3605E-07
  4.7130E-06    4.0064E-10    1.5170E-11   -0.0000E+00    0.0000E+00    3.8547E-10    3.5051E-07    3.5051E-07    3.5050E-07
  4.6984E-06    4.0143E-10    1.5197E-11   -0.0000E+00    0.0000E+00    3.8623E-10   -4.0248E-07   -4.0248E-07   -4.0249E-07
  4.7345E-06    3.9949E-10    1.5131E-11   -0.0000E+00    0.0000E+00    3.8436E-10   -5.7414E-06   -5.7414E-06   -5.7414E-06
  4.7706E-06    3.9757E-10    1.5064E-11   -0.0000E+00    0.0000E+00    3.8250E-10    6.6631E-07    6.6631E-07    6.6630E-07
  4.8306E-06    3.9439E-10    1.4954E-11   -0.0000E+00    0.0000E+00    3.7943E-10    1.7671E-05    1.7671E-05    1.7671E-05
  4.8029E-06    3.9585E-10    1.5005E-11   -0.0000E+00    0.0000E+00    3.8085E-10    5.0807E-06    5.0807E-06    5.0807E-06
  4.8352E-06    3.9414E-10    1.4946E-11   -0.0000E+00    0.0000E+00    3.7920E-10   -8.7500E-06   -8.7500E-06   -8.7501E-06
  4.8675E-06    3.9244E-10    1.4887E-11   -0.0000E+00    0.0000E+00    3.7755E-10   -6.6415E-06   -6.6415E-06   -6.6415E-06
  4.9177E-06    3.8981E-10    1.4796E-11   -0.0000E+00    0.0000E+00    3.7501E-10    1.6433E-05    1.6433E-05    1.6433E-05
  4.9019E-06    3.9063E-10    1.4825E-11   -0.0000E+00    0.0000E+00    3.7581E-10    5.2911E-06    5.2911E-06    5.2911E-06
  4.9364E-06    3.8883E-10    1.4763E-11   -0.0000E+00    0.0000E+00    3.7407E-10    8.7629E-06    8.7629E-06    8.7629E-06
  4.9708E-06    3.8704E-10    1.4701E-11   -0.0000E+00    0.0000E+00    3.7234E-10   -1.7155E-05   -1.7155E-05   -1.7155E-05
  5.0053E-06    3.8526E-10    1.4639E-11   -0.0000E+00    0.0000E+00    3.7062E-10   -2.9339E-05   -2.9339E-05   -2.9339E-05
  5.0398E-06    3.8349E-10    1.4577E-11   -0.0000E+00    0.0000E+00    3.6891E-10    5.8828E-05    5.8828E-05    5.8828E-05
  5.0742E-06    3.8172E-10    1.4516E-11   -0.0000E+00    0.0000E+00    3.6721E-10    7.0207E-05    7.0207E-05    7.0207E-05
  5.0600E-06    3.8245E-10    1.4541E-11   -0.0000E+00    0.0000E+00    3.6791E-10    4.8457E-05    4.8457E-05    4.8457E-05
  5.0802E-06    3.8142E-10    1.4505E-11   -0.0000E+00    0.0000E+00    3.6691E-10   -1.2914E-04   -1.2914E-04   -1.2914E-04
  5.0734E-06    3.8176E-10    1.4518E-11   -0.0000E+00    0.0000E+00    3.6725E-10   -6.3303E-05   -6.3303E-05   -6.3303E-05
  5.0869E-06    3.8108E-10    1.4494E-11   -0.0000E+00    0.0000E+00    3.6658E-10    6.5571E-05    6.5571E-05    6.5571E-05
  5.1003E-06    3.8039E-10    1.4470E-11   -0.0000E+00    0.0000E+00    3.6592E-10    1.4369E-04    1.4369E-04    1.4369E-04
  5.1138E-06    3.7971E-10    1.4446E-11   -0.0000E+00    0.0000E+00    3.6526E-10   -2.8217E-04   -2.8217E-04   -2.8217E-04
  5.1272E-06    3.7902E-10    1.4422E-11   -0.0000E+00    0.0000E+00    3.6460E-10    2.0076E-04    2.0076E-04    2.0076E-04
  5.1406E-06    3.7834E-10    1.4399E-11   -0.0000E+00    0.0000E+00    3.6394E-10   -4.3355E-05   -4.3355E-05   -4.3355E-05
  5.1541E-06    3.7766E-10    1.4375E-11   -0.0000E+00    0.0000E+00    3.6329E-10   -2.3766E-05   -2.3766E-05   -2.3766E-05
  5.1759E-06    3.7656E-10    1.4337E-11   -0.0000E+00    0.0000E+00    3.6222E-10    2.7259E-05    2.7259E-05    2.7259E-05
  5.1976E-06    3.7546E-10    1.4298E-11   -0.0000E+00    0.0000E+00    3.6117E-10    4.3406E-05    4.3406E-05    4.3406E-05
  5.2194E-06    3.7437E-10    1.4260E-11   -0.0000E+00    0.0000E+00    3.6011E-10    1.8405E-05    1.8405E-05    1.8405E-05
  5.2412E-06    3.7328E-10    1.4222E-11   -0.0000E+00    0.0000E+00    3.5906E-10    3.9311E-07    3.9311E-07    3.9309E-07
  5.2630E-06    3.7219E-10    1.4184E-11   -0.0000E+00    0.0000E+00    3.5801E-10   -1.5321E-06   -1.5321E-06   -1.5322E-06
  5.2847E-06    3.7111E-10    1.4147E-11   -0.0000E+00    0.0000E+00    3.5696E-10   -2.1080E-06   -2.1080E-06   -2.1080E-06
  5.3065E-06    3.7003E-10    1.4109E-11   -0.0000E+00    0.0000E+00    3.5592E-10   -1.3783E-06   -1.3783E-06   -1.3783E-06
  5.3283E-06    3.6895E-10    1.4071E-11   -0.0000E+00    0.0000E+00    3.5488E-10   -1.7621E-06   -1.7621E-06   -1.7621E-06
  5.3621E-06    3.6728E-10    1.4013E-11   -0.0000E+00    0.0000E+00    3.5327E-10   -2.0143E-06   -2.0143E-06   -2.0143E-06
  5.3960E-06    3.6562E-10    1.3955E-11   -0.0000E+00    0.0000E+00    3.5167E-10   -1.7771E-06   -1.7771E-06   -1.7771E-06
  5.4298E-06    3.6397E-10    1.3897E-11   -0.0000E+00    0.0000E+00    3.5007E-10   -1.7365E-06   -1.7365E-06   -1.7366E-06
  5.4637E-06    3.6232E-10    1.3839E-11   -0.0000E+00    0.0000E+00    3.4848E-10   -1.6678E-06   -1.6678E-06   -1.6678E-06
  5.5217E-06    3.5952E-10    1.3741E-11   -0.0000E+00    0.0000E+00    3.4577E-10   -1.6616E-06   -1.6616E-06   -1.6617E-06
  5.5798E-06    3.5673E-10    1.3643E-11   -0.0000E+00    0.0000E+00    3.4309E-10   -1.6705E-06   -1.6705E-06   -1.6705E-06
  5.6379E-06    3.5397E-10    1.3546E-11   -0.0000E+00    0.0000E+00    3.4042E-10   -1.6111E-06   -1.6111E-06   -1.6111E-06
  5.6960E-06    3.5122E-10    1.3449E-11   -0.0000E+00    0.0000E+00    3.3777E-10   -1.6188E-06   -1.6188E-06   -1.6188E-06
  5.7540E-06    3.4850E-10    1.3353E-11   -0.0000E+00    0.0000E+00    3.3515E-10   -1.6239E-06   -1.6239E-06   -1.6239E-06
  5.8121E-06    3.4580E-10    1.3258E-11   -0.0000E+00    0.0000E+00    3.3254E-10   -1.5842E-06   -1.5842E-06   -1.5842E-06
  5.8702E-06    3.4312E-10    1.3163E-11   -0.0000E+00    0.0000E+00    3.2996E-10   -1.5666E-06   -1.5666E-06   -1.5666E-06
  5.9283E-06    3.4046E-10    1.3069E-11   -0.0000E+00    0.0000E+00    3.2740E-10   -1.5792E-06   -1.5792E-06   -1.5793E-06
  5.9863E-06    3.3783E-10    1.2975E-11   -0.0000E+00    0.0000E+00    3.2485E-10   -1.5540E-06   -1.5540E-06   -1.5540E-06
  6.0444E-06    3.3521E-10    1.2882E-11   -0.0000E+00    0.0000E+00    3.2233E-10   -1.5149E-06   -1.5149E-06   -1.5149E-06
  6.1025E-06    3.3261E-10    1.2790E-11   -0.0000E+00    0.0000E+00    3.1982E-10   -1.5242E-06   -1.5242E-06   -1.5242E-06
  6.1931E-06    3.2860E-10    1.2647E-11   -0.0000E+00    0.0000E+00    3.1595E-10   -1.5470E-06   -1.5470E-06   -1.5470E-06
  6.2837E-06    3.2464E-10    1.2505E-11   -0.0000E+00    0.0000E+00    3.1213E-10   -1.4658E-06   -1.4658E-06   -1.4658E-06
  6.3744E-06    3.2072E-10    1.2365E-11   -0.0000E+00    0.0000E+00    3.0835E-10   -1.4750E-06   -1.4750E-06   -1.4750E-06
  6.4650E-06    3.1685E-10    1.2227E-11   -0.0000E+00    0.0000E+00    3.0462E-10   -1.4657E-06   -1.4657E-06   -1.4657E-06
  6.5556E-06    3.1303E-10    1.2090E-11   -0.0000E+00    0.0000E+00    3.0094E-10   -1.3860E-06   -1.3860E-06   -1.3860E-06
  6.6462E-06    3.0925E-10    1.1954E-11   -0.0000E+00    0.0000E+00    2.9730E-10   -1.3509E-06   -1.3509E-06   -1.3509E-06
  6.7369E-06    3.0552E-10    1.1820E-11   -0.0000E+00    0.0000E+00    2.9370E-10   -1.4097E-06   -1.4097E-06   -1.4097E-06
  6.8275E-06    3.0184E-10    1.1687E-11   -0.0000E+00    0.0000E+00    2.9015E-10   -1.3875E-06   -1.3875E-06   -1.3875E-06
  6.9181E-06    2.9820E-10    1.1555E-11   -0.0000E+00    0.0000E+00    2.8664E-10   -1.2419E-06   -1.2419E-06   -1.2419E-06
  7.0087E-06    2.9460E-10    1.1425E-11   -0.0000E+00    0.0000E+00    2.8317E-10   -1.2418E-06   -1.2418E-06   -1.2419E-06
  7.0994E-06    2.9104E-10    1.1296E-11   -0.0000E+00    0.0000E+00    2.7975E-10   -1.4197E-06   -1.4197E-06   -1.4197E-06
  7.1900E-06    2.8753E-10    1.1168E-11   -0.0000E+00    0.0000E+00    2.7637E-10   -1.3440E-06   -1.3440E-06   -1.3440E-06
  7.2806E-06    2.8407E-10    1.1042E-11   -0.0000E+00    0.0000E+00    2.7302E-10   -9.9125E-07   -9.9125E-07   -9.9126E-07
  7.3712E-06    2.8064E-10    1.0917E-11   -0.0000E+00    0.0000E+00    2.6972E-10   -1.0813E-06   -1.0813E-06   -1.0813E-06
  7.4618E-06    2.7725E-10    1.0794E-11   -0.0000E+00    0.0000E+00    2.6646E-10   -1.6438E-06   -1.6438E-06   -1.6438E-06
  7.5525E-06    2.7391E-10    1.0671E-11   -0.0000E+00    0.0000E+00    2.6324E-10   -1.4320E-06   -1.4320E-06   -1.4320E-06
  7.6431E-06    2.7060E-10    1.0550E-11   -0.0000E+00    0.0000E+00    2.6005E-10   -1.0345E-07   -1.0345E-07   -1.0346E-07
  7.7337E-06    2.6734E-10    1.0431E-11   -0.0000E+00    0.0000E+00    2.5691E-10   -7.7438E-07   -7.7438E-07   -7.7439E-07
  7.8243E-06    2.6411E-10    1.0312E-11   -0.0000E+00    0.0000E+00    2.5380E-10   -3.0039E-06   -3.0039E-06   -3.0039E-06
  7.9150E-06    2.6093E-10    1.0195E-11   -0.0000E+00    0.0000E+00    2.5073E-10   -1.9840E-06   -1.9840E-06   -1.9840E-06
  7.8828E-06    2.6206E-10    1.0237E-11   -0.0000E+00    0.0000E+00    2.5182E-10   -1.9726E-06   -1.9726E-06   -1.9726E-06
  7.9412E-06    2.6001E-10    1.0161E-11   -0.0000E+00    0.0000E+00    2.4985E-10    2.1033E-06    2.1033E-06    2.1033E-06
  7.9996E-06    2.5799E-10    1.0087E-11   -0.0000E+00    0.0000E+00    2.4790E-10   -3.0451E-07   -3.0451E-07   -3.0452E-07
  7.9787E-06    2.5871E-10    1.0113E-11   -0.0000E+00    0.0000E+00    2.4860E-10    3.7887E-08    3.7887E-08    3.7877E-08
  8.0162E-06    2.5741E-10    1.0066E-11   -0.0000E+00    0.0000E+00    2.4735E-10   -6.0937E-06   -6.0937E-06   -6.0937E-06
  8.0537E-06    2.5612E-10    1.0018E-11   -0.0000E+00    0.0000E+00    2.4611E-10    4.8254E-06    4.8254E-06    4.8254E-06
  8.0912E-06    2.5484E-10    9.9706E-12   -0.0000E+00    0.0000E+00    2.4487E-10   -2.2743E-06   -2.2743E-06   -2.2743E-06
  8.1287E-06    2.5356E-10    9.9234E-12   -0.0000E+00    0.0000E+00    2.4364E-10   -3.9893E-06   -3.9893E-06   -3.9894E-06
  8.1663E-06    2.5229E-10    9.8764E-12   -0.0000E+00    0.0000E+00    2.4242E-10   -2.1169E-06   -2.1169E-06   -2.1169E-06
  8.2038E-06    2.5103E-10    9.8297E-12   -0.0000E+00    0.0000E+00    2.4120E-10    4.1682E-06    4.1682E-06    4.1682E-06
  8.2413E-06    2.4977E-10    9.7831E-12   -0.0000E+00    0.0000E+00    2.3999E-10    2.0847E-06    2.0847E-06    2.0847E-06
  8.2274E-06    2.5024E-10    9.8004E-12   -0.0000E+00    0.0000E+00    2.4044E-10    1.7496E-06    1.7496E-06    1.7496E-06
  8.2509E-06    2.4945E-10    9.7712E-12   -0.0000E+00    0.0000E+00    2.3968E-10   -1.1929E-05   -1.1929E-05   -1.1929E-05
  8.2745E-06    2.4866E-10    9.7421E-12   -0.0000E+00    0.0000E+00    2.3892E-10    1.2843E-05    1.2843E-05    1.2843E-05
  8.2980E-06    2.4788E-10    9.7131E-12   -0.0000E+00    0.0000E+00    2.3817E-10   -8.2170E-06   -8.2170E-06   -8.2171E-06
  8.3216E-06    2.4710E-10    9.6842E-12   -0.0000E+00    0.0000E+00    2.3741E-10   -2.4220E-07   -2.4220E-07   -2.4221E-07
  8.3452E-06    2.4632E-10    9.6553E-12   -0.0000E+00    0.0000E+00    2.3666E-10    3.9562E-08    3.9562E-08    3.9552E-08
  8.3687E-06    2.4554E-10    9.6265E-12   -0.0000E+00    0.0000E+00    2.3592E-10   -1.7607E-06   -1.7607E-06   -1.7607E-06
  8.3923E-06    2.4477E-10    9.5978E-12   -0.0000E+00    0.0000E+00    2.3517E-10   -8.2049E-07   -8.2049E-07   -8.2050E-07
  8.4320E-06    2.4347E-10    9.5496E-12   -0.0000E+00    0.0000E+00    2.3392E-10   -6.3752E-07   -6.3752E-07   -6.3753E-07
  8.4718E-06    2.4218E-10    9.5016E-12   -0.0000E+00    0.0000E+00    2.3268E-10   -9.4269E-07   -9.4269E-07   -9.4270E-07
  8.5115E-06    2.4089E-10    9.4538E-12   -0.0000E+00    0.0000E+00    2.3144E-10   -7.7757E-07   -7.7757E-07   -7.7758E-07
  8.5726E-06    2.3893E-10    9.3808E-12   -0.0000E+00    0.0000E+00    2.2955E-10   -8.2950E-07   -8.2950E-07   -8.2951E-07
  8.6791E-06    2.3554E-10    9.2549E-12   -0.0000E+00    0.0000E+00    2.2629E-10   -7.4486E-07   -7.4486E-07   -7.4487E-07
  8.7855E-06    2.3221E-10    9.1306E-12   -0.0000E+00    0.0000E+00    2.2308E-10   -1.0199E-07   -1.0199E-07   -1.0200E-07
  8.8920E-06    2.2892E-10    9.0078E-12   -0.0000E+00    0.0000E+00    2.1992E-10   -3.5604E-07   -3.5604E-07   -3.5605E-07
  9.0574E-06    2.2391E-10    8.8201E-12   -0.0000E+00    0.0000E+00    2.1509E-10   -1.3890E-06   -1.3890E-06   -1.3890E-06
  9.2229E-06    2.1900E-10    8.6360E-12   -0.0000E+00    0.0000E+00    2.1036E-10    2.3021E-07    2.3021E-07    2.3020E-07
  9.3883E-06    2.1420E-10    8.4556E-12   -0.0000E+00    0.0000E+00    2.0574E-10   -1.6208E-06   -1.6208E-06   -1.6208E-06
  9.5538E-06    2.0950E-10    8.2787E-12   -0.0000E+00    0.0000E+00    2.0122E-10   -9.8319E-07   -9.8319E-07   -9.8320E-07
  9.7192E-06    2.0491E-10    8.1054E-12   -0.0000E+00    0.0000E+00    1.9680E-10    2.2730E-07    2.2730E-07    2.2729E-07
  9.8847E-06    2.0042E-10    7.9354E-12   -0.0000E+00    0.0000E+00    1.9248E-10   -1.3097E-06   -1.3097E-06   -1.3097E-06
  1.0050E-05    1.9602E-10    7.7689E-12   -0.0000E+00    0.0000E+00    1.8825E-10   -2.0317E-06   -2.0317E-06   -2.0317E-06
  1.0216E-05    1.9172E-10    7.6057E-12   -0.0000E+00    0.0000E+00    1.8412E-10    1.2179E-06    1.2179E-06    1.2179E-06
  1.0381E-05    1.8752E-10    7.4457E-12   -0.0000E+00    0.0000E+00    1.8007E-10    3.8204E-07    3.8204E-07    3.8204E-07
  1.0546E-05    1.8341E-10    7.2889E-12   -0.0000E+00    0.0000E+00    1.7612E-10   -5.1939E-06   -5.1939E-06   -5.1939E-06
  1.0712E-05    1.7939E-10    7.1353E-12   -0.0000E+00    0.0000E+00    1.7225E-10   -4.4843E-09   -4.4843E-09   -4.4914E-09
  1.0877E-05    1.7545E-10    6.9848E-12   -0.0000E+00    0.0000E+00    1.6847E-10    8.2926E-06    8.2926E-06    8.2926E-06
  1.1043E-05    1.7160E-10    6.8373E-12   -0.0000E+00    0.0000E+00    1.6477E-10   -7.2084E-06   -7.2084E-06   -7.2084E-06
  1.1208E-05    1.6784E-10    6.6928E-12   -0.0000E+00    0.0000E+00    1.6115E-10   -1.6412E-05   -1.6412E-05   -1.6412E-05
  1.1374E-05    1.6416E-10    6.5512E-12   -0.0000E+00    0.0000E+00    1.5761E-10    2.2423E-05    2.2423E-05    2.2423E-05
  1.1313E-05    1.6550E-10    6.6030E-12   -0.0000E+00    0.0000E+00    1.5890E-10    6.7801E-06    6.7801E-06    6.7801E-06
  1.1229E-05    1.6737E-10    6.6747E-12   -0.0000E+00    0.0000E+00    1.6070E-10   -2.5194E-06   -2.5194E-06   -2.5194E-06
  1.1250E-05    1.6690E-10    6.6567E-12   -0.0000E+00    0.0000E+00    1.6025E-10    6.8234E-06    6.8234E-06    6.8234E-06
  1.1271E-05    1.6643E-10    6.6388E-12   -0.0000E+00    0.0000E+00    1.5980E-10   -1.8064E-05   -1.8064E-05   -1.8064E-05
  1.1292E-05    1.6597E-10    6.6208E-12   -0.0000E+00    0.0000E+00    1.5935E-10    5.4026E-06    5.4026E-06    5.4026E-06
  1.1313E-05    1.6550E-10    6.6030E-12   -0.0000E+00    0.0000E+00    1.5890E-10    4.0155E-05    4.0155E-05    4.0155E-05
  1.1334E-05    1.6504E-10    6.5851E-12   -0.0000E+00    0.0000E+00    1.5846E-10   -8.0210E-05   -8.0210E-05   -8.0210E-05
  1.1355E-05    1.6458E-10    6.5674E-12   -0.0000E+00    0.0000E+00    1.5801E-10    6.2818E-05    6.2818E-05    6.2818E-05
  1.1389E-05    1.6383E-10    6.5386E-12   -0.0000E+00    0.0000E+00    1.5729E-10   -5.3936E-05   -5.3936E-05   -5.3936E-05
  1.1423E-05    1.6309E-10    6.5099E-12   -0.0000E+00    0.0000E+00    1.5658E-10   -1.1032E-04   -1.1032E-04   -1.1032E-04
  1.1457E-05    1.6234E-10    6.4813E-12   -0.0000E+00    0.0000E+00    1.5586E-10   -3.3239E-05   -3.3239E-05   -3.3239E-05
  1.1491E-05    1.6161E-10    6.4529E-12   -0.0000E+00    0.0000E+00    1.5515E-10   -5.6096E-06   -5.6096E-06   -5.6096E-06
  1.1548E-05    1.6036E-10    6.4049E-12   -0.0000E+00    0.0000E+00    1.5396E-10   -1.9506E-05   -1.9506E-05   -1.9506E-05
  1.1606E-05    1.5913E-10    6.3572E-12   -0.0000E+00    0.0000E+00    1.5277E-10   -4.8476E-06   -4.8476E-06   -4.8476E-06
  1.1664E-05    1.5790E-10    6.3099E-12   -0.0000E+00    0.0000E+00    1.5159E-10   -2.1284E-05   -2.1284E-05   -2.1284E-05
  1.1721E-05    1.5668E-10    6.2629E-12   -0.0000E+00    0.0000E+00    1.5042E-10   -1.5883E-05   -1.5883E-05   -1.5883E-05
  1.1700E-05    1.5714E-10    6.2807E-12   -0.0000E+00    0.0000E+00    1.5086E-10   -1.0431E-05   -1.0431E-05   -1.0431E-05
  1.1735E-05    1.5639E-10    6.2516E-12   -0.0000E+00    0.0000E+00    1.5014E-10    2.7242E-05    2.7242E-05    2.7242E-05
  1.1771E-05    1.5564E-10    6.2226E-12   -0.0000E+00    0.0000E+00    1.4942E-10   -3.0554E-05   -3.0554E-05   -3.0554E-05
  1.1807E-05    1.5489E-10    6.1937E-12   -0.0000E+00    0.0000E+00    1.4870E-10   -1.7103E-05   -1.7103E-05   -1.7103E-05
  1.1793E-05    1.5519E-10    6.2054E-12   -0.0000E+00    0.0000E+00    1.4899E-10   -1.2572E-05   -1.2572E-05   -1.2572E-05
  1.1814E-05    1.5475E-10    6.1882E-12   -0.0000E+00    0.0000E+00    1.4856E-10    3.8605E-05    3.8605E-05    3.8605E-05
  1.1835E-05    1.5431E-10    6.1711E-12   -0.0000E+00    0.0000E+00    1.4813E-10   -4.5338E-05   -4.5338E-05   -4.5338E-05
  1.1857E-05    1.5386E-10    6.1540E-12   -0.0000E+00    0.0000E+00    1.4771E-10   -2.4950E-05   -2.4950E-05   -2.4950E-05
  1.1848E-05    1.5405E-10    6.1614E-12   -0.0000E+00    0.0000E+00    1.4789E-10   -1.8022E-05   -1.8022E-05   -1.8022E-05
  1.1860E-05    1.5380E-10    6.1517E-12   -0.0000E+00    0.0000E+00    1.4765E-10    5.6731E-05    5.6731E-05    5.6731E-05
  1.1856E-05    1.5388E-10    6.1548E-12   -0.0000E+00    0.0000E+00    1.4773E-10    2.9530E-05    2.9530E-05    2.9530E-05
  1.1864E-05    1.5372E-10    6.1483E-12   -0.0000E+00    0.0000E+00    1.4757E-10   -4.6162E-05   -4.6162E-05   -4.6162E-05
  1.1872E-05    1.5355E-10    6.1417E-12   -0.0000E+00    0.0000E+00    1.4740E-10   -2.3610E-05   -2.3610E-05   -2.3610E-05
  1.1870E-05    1.5360E-10    6.1438E-12   -0.0000E+00    0.0000E+00    1.4746E-10   -1.9866E-05   -1.9866E-05   -1.9866E-05
  1.1875E-05    1.5348E-10    6.1393E-12   -0.0000E+00    0.0000E+00    1.4734E-10    7.1238E-05    7.1238E-05    7.1238E-05
  1.1881E-05    1.5337E-10    6.1348E-12   -0.0000E+00    0.0000E+00    1.4723E-10   -8.4169E-05   -8.4169E-05   -8.4169E-05
  1.1887E-05    1.5325E-10    6.1303E-12   -0.0000E+00    0.0000E+00    1.4712E-10    4.2121E-05    4.2121E-05    4.2121E-05
  1.1885E-05    1.5329E-10    6.1318E-12   -0.0000E+00    0.0000E+00    1.4716E-10    1.8784E-05    1.8784E-05    1.8784E-05
  1.1888E-05    1.5321E-10    6.1289E-12   -0.0000E+00    0.0000E+00    1.4709E-10   -2.0433E-05   -2.0433E-05   -2.0433E-05
  1.1892E-05    1.5314E-10    6.1259E-12   -0.0000E+00    0.0000E+00    1.4701E-10    6.9110E-06    6.9110E-06    6.9110E-06
  1.1896E-05    1.5306E-10    6.1230E-12   -0.0000E+00    0.0000E+00    1.4694E-10   -1.2340E-06   -1.2340E-06   -1.2340E-06
  1.1899E-05    1.5299E-10    6.1200E-12   -0.0000E+00    0.0000E+00    1.4687E-10   -6.3981E-07   -6.3981E-07   -6.3982E-07
  1.1905E-05    1.5287E-10    6.1154E-12   -0.0000E+00    0.0000E+00    1.4675E-10   -3.6924E-07   -3.6924E-07   -3.6925E-07
  1.1911E-05    1.5275E-10    6.1108E-12   -0.0000E+00    0.0000E+00    1.4664E-10   -4.1868E-07   -4.1868E-07   -4.1869E-07
  1.1917E-05    1.5263E-10    6.1062E-12   -0.0000E+00    0.0000E+00    1.4652E-10   -4.6212E-07   -4.6212E-07   -4.6213E-07
  1.1923E-05    1.5251E-10    6.1016E-12   -0.0000E+00    0.0000E+00    1.4641E-10   -5.2855E-07   -5.2855E-07   -5.2856E-07
  1.1932E-05    1.5233E-10    6.0945E-12   -0.0000E+00    0.0000E+00    1.4623E-10   -5.4237E-07   -5.4237E-07   -5.4237E-07
  1.1946E-05    1.5204E-10    6.0834E-12   -0.0000E+00    0.0000E+00    1.4595E-10   -5.4159E-07   -5.4159E-07   -5.4160E-07
  1.1960E-05    1.5175E-10    6.0722E-12   -0.0000E+00    0.0000E+00    1.4568E-10   -5.4003E-07   -5.4003E-07   -5.4003E-07
  1.1974E-05    1.5146E-10    6.0611E-12   -0.0000E+00    0.0000E+00    1.4540E-10   -5.3475E-07   -5.3475E-07   -5.3476E-07
  1.1988E-05    1.5118E-10    6.0500E-12   -0.0000E+00    0.0000E+00    1.4513E-10   -5.3254E-07   -5.3254E-07   -5.3255E-07
  1.2018E-05    1.5057E-10    6.0267E-12   -0.0000E+00    0.0000E+00    1.4455E-10   -5.3015E-07   -5.3015E-07   -5.3016E-07
  1.2065E-05    1.4962E-10    5.9897E-12   -0.0000E+00    0.0000E+00    1.4363E-10   -5.2625E-07   -5.2625E-07   -5.2626E-07
  1.2113E-05    1.4867E-10    5.9530E-12   -0.0000E+00    0.0000E+00    1.4272E-10   -5.2200E-07   -5.2200E-07   -5.2200E-07
  1.2160E-05    1.4773E-10    5.9164E-12   -0.0000E+00    0.0000E+00    1.4181E-10   -5.1749E-07   -5.1749E-07   -5.1749E-07
  1.2208E-05    1.4679E-10    5.8801E-12   -0.0000E+00    0.0000E+00    1.4091E-10   -5.1327E-07   -5.1327E-07   -5.1328E-07
  1.2255E-05    1.4586E-10    5.8440E-12   -0.0000E+00    0.0000E+00    1.4002E-10   -5.0923E-07   -5.0923E-07   -5.0924E-07
  1.2302E-05    1.4494E-10    5.8081E-12   -0.0000E+00    0.0000E+00    1.3913E-10   -5.0519E-07   -5.0519E-07   -5.0520E-07
  1.2395E-05    1.4315E-10    5.7386E-12   -0.0000E+00    0.0000E+00    1.3741E-10   -4.9742E-07   -4.9742E-07   -4.9742E-07
  1.2488E-05    1.4138E-10    5.6699E-12   -0.0000E+00    0.0000E+00    1.3571E-10   -4.8980E-07   -4.8980E-07   -4.8981E-07
  1.2580E-05    1.3964E-10    5.6020E-12   -0.0000E+00    0.0000E+00    1.3403E-10   -4.8231E-07   -4.8231E-07   -4.8231E-07
  1.2673E-05    1.3791E-10    5.5349E-12   -0.0000E+00    0.0000E+00    1.3238E-10   -4.7496E-07   -4.7496E-07   -4.7496E-07
  1.2766E-05    1.3621E-10    5.4685E-12   -0.0000E+00    0.0000E+00    1.3074E-10   -4.6775E-07   -4.6775E-07   -4.6775E-07
  1.2858E-05    1.3453E-10    5.4030E-12   -0.0000E+00    0.0000E+00    1.2912E-10   -4.6065E-07   -4.6065E-07   -4.6065E-07
  1.2951E-05    1.3286E-10    5.3381E-12   -0.0000E+00    0.0000E+00    1.2753E-10   -4.5369E-07   -4.5369E-07   -4.5369E-07
  1.3043E-05    1.3122E-10    5.2741E-12   -0.0000E+00    0.0000E+00    1.2595E-10   -4.4685E-07   -4.4685E-07   -4.4686E-07
  1.3190E-05    1.2866E-10    5.1740E-12   -0.0000E+00    0.0000E+00    1.2349E-10   -4.3625E-07   -4.3625E-07   -4.3625E-07
  1.3337E-05    1.2615E-10    5.0758E-12   -0.0000E+00    0.0000E+00    1.2108E-10   -4.2594E-07   -4.2594E-07   -4.2595E-07
  1.3484E-05    1.2369E-10    4.9794E-12   -0.0000E+00    0.0000E+00    1.1871E-10   -4.1594E-07   -4.1594E-07   -4.1594E-07
  1.3631E-05    1.2128E-10    4.8847E-12   -0.0000E+00    0.0000E+00    1.1639E-10   -4.0619E-07   -4.0619E-07   -4.0620E-07
  1.3777E-05    1.1891E-10    4.7918E-12   -0.0000E+00    0.0000E+00    1.1412E-10   -3.9672E-07   -3.9672E-07   -3.9672E-07
  1.3924E-05    1.1659E-10    4.7006E-12   -0.0000E+00    0.0000E+00    1.1189E-10   -3.8750E-07   -3.8750E-07   -3.8751E-07
  1.4071E-05    1.1431E-10    4.6111E-12   -0.0000E+00    0.0000E+00    1.0970E-10   -3.7853E-07   -3.7853E-07   -3.7854E-07
  1.4218E-05    1.1208E-10    4.5232E-12   -0.0000E+00    0.0000E+00    1.0756E-10   -3.6980E-07   -3.6980E-07   -3.6981E-07
  1.4365E-05    1.0989E-10    4.4370E-12   -0.0000E+00    0.0000E+00    1.0546E-10   -3.6131E-07   -3.6131E-07   -3.6131E-07
  1.4609E-05    1.0634E-10    4.2968E-12   -0.0000E+00    0.0000E+00    1.0204E-10   -3.4765E-07   -3.4765E-07   -3.4765E-07
  1.4854E-05    1.0290E-10    4.1609E-12   -0.0000E+00    0.0000E+00    9.8742E-11   -3.3458E-07   -3.3458E-07   -3.3458E-07
  1.4780E-05    1.0394E-10    4.2018E-12   -0.0000E+00    0.0000E+00    9.9735E-11   -3.3849E-07   -3.3849E-07   -3.3849E-07
  1.4950E-05    1.0159E-10    4.1088E-12   -0.0000E+00    0.0000E+00    9.7478E-11   -3.2961E-07   -3.2961E-07   -3.2962E-07
  1.5120E-05    9.9289E-11    4.0179E-12   -0.0000E+00    0.0000E+00    9.5271E-11   -3.2100E-07   -3.2100E-07   -3.2100E-07
  1.5290E-05    9.7043E-11    3.9289E-12   -0.0000E+00    0.0000E+00    9.3114E-11   -3.1263E-07   -3.1263E-07   -3.1264E-07
  1.5460E-05    9.4848E-11    3.8418E-12   -0.0000E+00    0.0000E+00    9.1006E-11   -3.0453E-07   -3.0453E-07   -3.0454E-07
  1.5631E-05    9.2702E-11    3.7565E-12   -0.0000E+00    0.0000E+00    8.8945E-11   -2.9665E-07   -2.9665E-07   -2.9666E-07
  1.5801E-05    9.0604E-11    3.6732E-12   -0.0000E+00    0.0000E+00    8.6930E-11   -2.8899E-07   -2.8899E-07   -2.8899E-07
  1.6079E-05    8.7280E-11    3.5409E-12   -0.0000E+00    0.0000E+00    8.3739E-11   -2.7703E-07   -2.7703E-07   -2.7703E-07
  1.6357E-05    8.4078E-11    3.4133E-12   -0.0000E+00    0.0000E+00    8.0664E-11   -2.6563E-07   -2.6563E-07   -2.6564E-07
  1.6634E-05    8.0991E-11    3.2902E-12   -0.0000E+00    0.0000E+00    7.7701E-11   -2.5464E-07   -2.5464E-07   -2.5465E-07
  1.6912E-05    7.8018E-11    3.1713E-12   -0.0000E+00    0.0000E+00    7.4846E-11   -2.4423E-07   -2.4423E-07   -2.4423E-07
  1.7190E-05    7.5152E-11    3.0567E-12   -0.0000E+00    0.0000E+00    7.2095E-11   -2.3419E-07   -2.3419E-07   -2.3420E-07
  1.7468E-05    7.2391E-11    2.9461E-12   -0.0000E+00    0.0000E+00    6.9445E-11   -2.2464E-07   -2.2464E-07   -2.2464E-07
  1.7746E-05    6.9730E-11    2.8394E-12   -0.0000E+00    0.0000E+00    6.6891E-11   -2.1561E-07   -2.1561E-07   -2.1562E-07
  1.8023E-05    6.7166E-11    2.7365E-12   -0.0000E+00    0.0000E+00    6.4430E-11   -2.0686E-07   -2.0686E-07   -2.0686E-07
  1.8301E-05    6.4695E-11    2.6372E-12   -0.0000E+00    0.0000E+00    6.2058E-11   -1.9841E-07   -1.9841E-07   -1.9841E-07
  1.8579E-05    6.2314E-11    2.5414E-12   -0.0000E+00    0.0000E+00    5.9773E-11   -1.9060E-07   -1.9060E-07   -1.9061E-07
  1.8857E-05    6.0020E-11    2.4490E-12   -0.0000E+00    0.0000E+00    5.7571E-11   -1.8301E-07   -1.8301E-07   -1.8301E-07
  1.9135E-05    5.7809E-11    2.3599E-12   -0.0000E+00    0.0000E+00    5.5449E-11   -1.7536E-07   -1.7536E-07   -1.7536E-07
  1.9413E-05    5.5679E-11    2.2739E-12   -0.0000E+00    0.0000E+00    5.3405E-11   -1.6855E-07   -1.6855E-07   -1.6855E-07
  1.9690E-05    5.3626E-11    2.1910E-12   -0.0000E+00    0.0000E+00    5.1435E-11   -1.6224E-07   -1.6224E-07   -1.6224E-07
  1.9968E-05    5.1648E-11    2.1111E-12   -0.0000E+00    0.0000E+00    4.9537E-11   -1.5511E-07   -1.5511E-07   -1.5511E-07
  2.0246E-05    4.9742E-11    2.0340E-12   -0.0000E+00    0.0000E+00    4.7708E-11   -1.4879E-07   -1.4879E-07   -1.4879E-07
  2.0524E-05    4.7905E-11    1.9596E-12   -0.0000E+00    0.0000E+00    4.5945E-11   -1.4420E-07   -1.4420E-07   -1.4420E-07
  2.0802E-05    4.6134E-11    1.8879E-12   -0.0000E+00    0.0000E+00    4.4247E-11   -1.3768E-07   -1.3768E-07   -1.3769E-07
  2.1080E-05    4.4429E-11    1.8187E-12   -0.0000E+00    0.0000E+00    4.2610E-11   -1.3055E-07   -1.3055E-07   -1.3055E-07
  2.1357E-05    4.2785E-11    1.7521E-12   -0.0000E+00    0.0000E+00    4.1033E-11   -1.2819E-07   -1.2819E-07   -1.2819E-07
  2.1635E-05    4.1201E-11    1.6877E-12   -0.0000E+00    0.0000E+00    3.9513E-11   -1.2384E-07   -1.2384E-07   -1.2384E-07
  2.1913E-05    3.9675E-11    1.6257E-12   -0.0000E+00    0.0000E+00    3.8049E-11   -1.1205E-07   -1.1205E-07   -1.1206E-07
  2.2191E-05    3.8204E-11    1.5659E-12   -0.0000E+00    0.0000E+00    3.6638E-11   -1.1780E-07   -1.1780E-07   -1.1780E-07
  2.2469E-05    3.6786E-11    1.5083E-12   -0.0000E+00    0.0000E+00    3.5278E-11   -1.0500E-07   -1.0500E-07   -1.0500E-07
  2.2746E-05    3.5421E-11    1.4527E-12   -0.0000E+00    0.0000E+00    3.3968E-11   -1.0464E-07   -1.0464E-07   -1.0464E-07
  2.3024E-05    3.4104E-11    1.3991E-12   -0.0000E+00    0.0000E+00    3.2705E-11   -9.9734E-08   -9.9734E-08   -9.9736E-08
  2.3302E-05    3.2836E-11    1.3474E-12   -0.0000E+00    0.0000E+00    3.1489E-11   -9.5573E-08   -9.5573E-08   -9.5574E-08
  2.3580E-05    3.1614E-11    1.2976E-12   -0.0000E+00    0.0000E+00    3.0316E-11   -9.2075E-08   -9.2075E-08   -9.2076E-08
  2.3858E-05    3.0436E-11    1.2496E-12   -0.0000E+00    0.0000E+00    2.9187E-11   -8.8298E-08   -8.8298E-08   -8.8299E-08
  2.4136E-05    2.9301E-11    1.2032E-12   -0.0000E+00    0.0000E+00    2.8098E-11   -8.4845E-08   -8.4845E-08   -8.4847E-08
  2.4413E-05    2.8207E-11    1.1586E-12   -0.0000E+00    0.0000E+00    2.7049E-11   -8.1506E-08   -8.1506E-08   -8.1507E-08
  2.4691E-05    2.7154E-11    1.1155E-12   -0.0000E+00    0.0000E+00    2.6038E-11   -7.8266E-08   -7.8266E-08   -7.8267E-08
  2.4969E-05    2.6138E-11    1.0740E-12   -0.0000E+00    0.0000E+00    2.5064E-11   -7.5181E-08   -7.5181E-08   -7.5182E-08
  2.5247E-05    2.5159E-11    1.0340E-12   -0.0000E+00    0.0000E+00    2.4125E-11   -7.2205E-08   -7.2205E-08   -7.2206E-08
  2.5668E-05    2.3745E-11    9.7618E-13   -0.0000E+00    0.0000E+00    2.2769E-11   -6.7918E-08   -6.7918E-08   -6.7919E-08
  2.6088E-05    2.2407E-11    9.2144E-13   -0.0000E+00    0.0000E+00    2.1486E-11   -6.3883E-08   -6.3883E-08   -6.3884E-08
  2.6509E-05    2.1143E-11    8.6967E-13   -0.0000E+00    0.0000E+00    2.0273E-11   -6.0085E-08   -6.0085E-08   -6.0086E-08
  2.6930E-05    1.9947E-11    8.2069E-13   -0.0000E+00    0.0000E+00    1.9127E-11   -5.6510E-08   -5.6510E-08   -5.6511E-08
  2.7350E-05    1.8817E-11    7.7436E-13   -0.0000E+00    0.0000E+00    1.8042E-11   -5.3144E-08   -5.3144E-08   -5.3144E-08
  2.7771E-05    1.7748E-11    7.3054E-13   -0.0000E+00    0.0000E+00    1.7018E-11   -4.9972E-08   -4.9972E-08   -4.9972E-08
  2.8192E-05    1.6738E-11    6.8908E-13   -0.0000E+00    0.0000E+00    1.6049E-11   -4.6985E-08   -4.6985E-08   -4.6986E-08
  2.8612E-05    1.5782E-11    6.4988E-13   -0.0000E+00    0.0000E+00    1.5132E-11   -4.4173E-08   -4.4173E-08   -4.4174E-08
  2.9033E-05    1.4879E-11    6.1279E-13   -0.0000E+00    0.0000E+00    1.4266E-11   -4.1525E-08   -4.1525E-08   -4.1526E-08
  2.9454E-05    1.4025E-11    5.7772E-13   -0.0000E+00    0.0000E+00    1.3447E-11   -3.9032E-08   -3.9032E-08   -3.9033E-08
  2.9874E-05    1.3217E-11    5.4454E-13   -0.0000E+00    0.0000E+00    1.2673E-11   -3.6685E-08   -3.6685E-08   -3.6685E-08
  3.0295E-05    1.2454E-11    5.1317E-13   -0.0000E+00    0.0000E+00    1.1941E-11   -3.4475E-08   -3.4475E-08   -3.4476E-08
  3.0716E-05    1.1732E-11    4.8349E-13   -0.0000E+00    0.0000E+00    1.1249E-11   -3.2395E-08   -3.2395E-08   -3.2396E-08
  3.1136E-05    1.1050E-11    4.5543E-13   -0.0000E+00    0.0000E+00    1.0594E-11   -3.0437E-08   -3.0437E-08   -3.0438E-08
  3.1557E-05    1.0404E-11    4.2889E-13   -0.0000E+00    0.0000E+00    9.9755E-12   -2.8594E-08   -2.8594E-08   -2.8595E-08
  3.1978E-05    9.7943E-12    4.0379E-13   -0.0000E+00    0.0000E+00    9.3905E-12   -2.6860E-08   -2.6860E-08   -2.6860E-08
  3.2398E-05    9.2175E-12    3.8005E-13   -0.0000E+00    0.0000E+00    8.8374E-12   -2.5228E-08   -2.5228E-08   -2.5228E-08
  3.2819E-05    8.6721E-12    3.5760E-13   -0.0000E+00    0.0000E+00    8.3145E-12   -2.3692E-08   -2.3692E-08   -2.3693E-08
  3.3240E-05    8.1564E-12    3.3637E-13   -0.0000E+00    0.0000E+00    7.8201E-12   -2.2248E-08   -2.2248E-08   -2.2248E-08
  3.3660E-05    7.6689E-12    3.1629E-13   -0.0000E+00    0.0000E+00    7.3526E-12   -2.0889E-08   -2.0889E-08   -2.0889E-08
  3.4081E-05    7.2079E-12    2.9731E-13   -0.0000E+00    0.0000E+00    6.9106E-12   -1.9610E-08   -1.9610E-08   -1.9610E-08
  3.4501E-05    6.7721E-12    2.7935E-13   -0.0000E+00    0.0000E+00    6.4927E-12   -1.8408E-08   -1.8408E-08   -1.8408E-08
  3.5142E-05    6.1538E-12    2.5387E-13   -0.0000E+00    0.0000E+00    5.8999E-12   -1.6713E-08   -1.6713E-08   -1.6714E-08
  3.5782E-05    5.5860E-12    2.3048E-13   -0.0000E+00    0.0000E+00    5.3555E-12   -1.5171E-08   -1.5171E-08   -1.5171E-08
  3.6423E-05    5.0647E-12    2.0899E-13   -0.0000E+00    0.0000E+00    4.8557E-12   -1.3767E-08   -1.3767E-08   -1.3767E-08
  3.7063E-05    4.5860E-12    1.8925E-13   -0.0000E+00    0.0000E+00    4.3968E-12   -1.2489E-08   -1.2489E-08   -1.2489E-08
  3.7704E-05    4.1465E-12    1.7113E-13   -0.0000E+00    0.0000E+00    3.9754E-12   -1.1327E-08   -1.1327E-08   -1.1327E-08
  3.8344E-05    3.7430E-12    1.5448E-13   -0.0000E+00    0.0000E+00    3.5885E-12   -1.0270E-08   -1.0270E-08   -1.0270E-08
  3.8984E-05    3.3724E-12    1.3920E-13   -0.0000E+00    0.0000E+00    3.2332E-12   -9.3087E-09   -9.3087E-09   -9.3088E-09
  3.9625E-05    3.0322E-12    1.2516E-13   -0.0000E+00    0.0000E+00    2.9070E-12   -8.4352E-09   -8.4352E-09   -8.4353E-09
  4.0265E-05    2.7198E-12    1.1227E-13   -0.0000E+00    0.0000E+00    2.6075E-12   -7.6415E-09   -7.6415E-09   -7.6417E-09
  4.0906E-05    2.4329E-12    1.0044E-13   -0.0000E+00    0.0000E+00    2.3325E-12   -6.9206E-09   -6.9206E-09   -6.9207E-09
  4.1546E-05    2.1695E-12    8.9565E-14   -0.0000E+00    0.0000E+00    2.0799E-12   -6.2659E-09   -6.2659E-09   -6.2660E-09
  4.2186E-05    1.9277E-12    7.9584E-14   -0.0000E+00    0.0000E+00    1.8481E-12   -5.6716E-09   -5.6716E-09   -5.6716E-09
  4.2827E-05    1.7056E-12    7.0418E-14   -0.0000E+00    0.0000E+00    1.6352E-12   -5.1321E-09   -5.1321E-09   -5.1322E-09
  4.3467E-05    1.5017E-12    6.2001E-14   -0.0000E+00    0.0000E+00    1.4397E-12   -4.6427E-09   -4.6427E-09   -4.6428E-09
  4.4108E-05    1.3145E-12    5.4273E-14   -0.0000E+00    0.0000E+00    1.2602E-12   -4.1988E-09   -4.1988E-09   -4.1988E-09
  4.4748E-05    1.1426E-12    4.7176E-14   -0.0000E+00    0.0000E+00    1.0954E-12   -3.7963E-09   -3.7963E-09   -3.7963E-09
  4.5389E-05    9.8471E-13    4.0659E-14   -0.0000E+00    0.0000E+00    9.4405E-13   -3.4313E-09   -3.4313E-09   -3.4314E-09
  4.6029E-05    8.3978E-13    3.4675E-14   -0.0000E+00    0.0000E+00    8.0510E-13   -3.1007E-09   -3.1007E-09   -3.1007E-09
  4.6669E-05    7.0670E-13    2.9181E-14   -0.0000E+00    0.0000E+00    6.7752E-13   -2.8010E-09   -2.8010E-09   -2.8011E-09
  4.7646E-05    5.2434E-13    2.1651E-14   -0.0000E+00    0.0000E+00    5.0269E-13   -2.3975E-09   -2.3975E-09   -2.3975E-09
  4.8623E-05    3.6424E-13    1.5041E-14   -0.0000E+00    0.0000E+00    3.4920E-13   -2.0507E-09   -2.0507E-09   -2.0508E-09
  4.9600E-05    2.2369E-13    9.2371E-15   -0.0000E+00    0.0000E+00    2.1446E-13   -1.7530E-09   -1.7530E-09   -1.7530E-09
  5.0577E-05    1.0031E-13    4.1420E-15   -0.0000E+00    0.0000E+00    9.6165E-14   -1.4975E-09   -1.4975E-09   -1.4975E-09
  5.1554E-05   -8.0137E-15   -8.0137E-15   -0.0000E+00    0.0000E+00   -1.7355E-29   -1.2785E-09   -1.2785E-09   -1.2785E-09
  5.2531E-05   -1.0307E-13   -1.0307E-13   -0.0000E+00    0.0000E+00    6.8236E-24   -1.0908E-09   -1.0908E-09   -1.0907E-09
  5.3508E-05   -1.8603E-13   -1.8603E-13   -0.0000E+00    0.0000E+00    1.5459E-22   -9.3004E-10   -9.3004E-10   -9.2986E-10
  5.4485E-05   -2.5882E-13   -2.5882E-13   -0.0000E+00    0.0000E+00    3.3741E-22   -7.9261E-10   -7.9261E-10   -7.9236E-10
  5.5462E-05   -3.2234E-13   -3.2234E-13   -0.0000E+00    0.0000E+00    6.7707E-22   -6.7484E-10   -6.7484E-10   -6.7452E-10
  5.6440E-05   -3.7760E-13   -3.7760E-13   -0.0000E+00    0.0000E+00    1.2460E-21   -5.7437E-10   -5.7437E-10   -5.7399E-10
  5.7417E-05   -4.2564E-13   -4.2564E-13   -0.0000E+00    0.0000E+00    1.9869E-21   -4.8847E-10   -4.8847E-10   -4.8804E-10
  5.8394E-05   -4.6738E-13   -4.6738E-13   -0.0000E+00    0.0000E+00    2.8349E-21   -4.1516E-10   -4.1516E-10   -4.1469E-10
  5.9371E-05   -5.0354E-13   -5.0354E-13   -0.0000E+00    0.0000E+00    3.7941E-21   -3.5262E-10   -3.5262E-10   -3.5211E-10
  6.0348E-05   -5.3476E-13   -5.3476E-13   -0.0000E+00    0.0000E+00    4.8911E-21   -2.9930E-10   -2.9930E-10   -2.9877E-10
  6.1325E-05   -5.6162E-13   -5.6162E-13   -0.0000E+00    0.0000E+00    6.1162E-21   -2.5389E-10   -2.5389E-10   -2.5332E-10
  6.2302E-05   -5.8464E-13   -5.8464E-13   -0.0000E+00    0.0000E+00    7.4323E-21   -2.1522E-10   -2.1522E-10   -2.1463E-10
  6.3279E-05   -6.0428E-13   -6.0428E-13   -0.0000E+00    0.0000E+00    8.8111E-21   -1.8232E-10   -1.8232E-10   -1.8172E-10
  6.4761E-05   -6.2854E-13   -6.2854E-13   -0.0000E+00    0.0000E+00    1.1007E-20   -1.4156E-10   -1.4156E-10   -1.4093E-10
  6.6244E-05   -6.4716E-13   -6.4716E-13   -0.0000E+00    0.0000E+00    1.3291E-20   -1.0973E-10   -1.0973E-10   -1.0909E-10
  6.7726E-05   -6.6116E-13   -6.6116E-13   -0.0000E+00    0.0000E+00    1.5649E-20   -8.4937E-11   -8.4937E-11   -8.4276E-11
  6.9209E-05   -6.7135E-13   -6.7135E-13   -0.0000E+00    0.0000E+00    1.8040E-20   -6.5666E-11   -6.5666E-11   -6.4994E-11
  7.0692E-05   -6.7843E-13   -6.7843E-13   -0.0000E+00    0.0000E+00    2.0424E-20   -5.0708E-11   -5.0708E-11   -5.0030E-11
  7.2174E-05   -6.8297E-13   -6.8297E-13   -0.0000E+00    0.0000E+00    2.2778E-20   -3.9106E-11   -3.9106E-11   -3.8423E-11
  7.3657E-05   -6.8544E-13   -6.8544E-13   -0.0000E+00    0.0000E+00    2.5096E-20   -3.0117E-11   -3.0117E-11   -2.9431E-11
  7.5139E-05   -6.8624E-13   -6.8624E-13   -0.0000E+00    0.0000E+00    2.7371E-20   -2.3171E-11   -2.3171E-11   -2.2485E-11
  7.6622E-05   -6.8569E-13   -6.8569E-13   -0.0000E+00    0.0000E+00    2.9596E-20   -1.7820E-11   -1.7820E-11   -1.7135E-11
  7.8104E-05   -6.8404E-13   -6.8404E-13   -0.0000E+00    0.0000E+00    3.1762E-20   -1.3704E-11   -1.3704E-11   -1.3020E-11
  7.9587E-05   -6.8153E-13   -6.8153E-13   -0.0000E+00    0.0000E+00    3.3865E-20   -1.0542E-11   -1.0542E-11   -9.8606E-12
  8.1070E-05   -6.7832E-13   -6.7832E-13   -0.0000E+00    0.0000E+00    3.5906E-20   -8.1175E-12   -8.1175E-12   -7.4392E-12
  8.3296E-05   -6.7252E-13   -6.7252E-13   -0.0000E+00    0.0000E+00    3.8854E-20   -5.4988E-12   -5.4988E-12   -4.8263E-12
  8.5522E-05   -6.6589E-13   -6.6589E-13   -0.0000E+00    0.0000E+00    4.1665E-20   -3.7464E-12   -3.7464E-12   -3.0806E-12
  8.7748E-05   -6.5871E-13   -6.5871E-13   -0.0000E+00    0.0000E+00    4.4342E-20   -2.5921E-12   -2.5921E-12   -1.9334E-12
  8.9974E-05   -6.5118E-13   -6.5118E-13   -0.0000E+00    0.0000E+00    4.6892E-20   -1.8537E-12   -1.8537E-12   -1.2025E-12
  9.2201E-05   -6.4346E-13   -6.4346E-13   -0.0000E+00    0.0000E+00    4.9322E-20   -1.3823E-12   -1.3823E-12   -7.3886E-13
  9.4427E-05   -6.3568E-13   -6.3568E-13   -0.0000E+00    0.0000E+00    5.1638E-20   -1.0716E-12   -1.0716E-12   -4.3592E-13
  9.7916E-05   -6.2353E-13   -6.2353E-13   -0.0000E+00    0.0000E+00    5.5061E-20   -7.6831E-13   -7.6831E-13   -1.4479E-13
  1.0141E-04   -6.1160E-13   -6.1160E-13   -0.0000E+00    0.0000E+00    5.8250E-20   -5.7632E-13   -5.7632E-13    3.5279E-14
  1.0490E-04   -5.9998E-13   -5.9998E-13   -0.0000E+00    0.0000E+00    6.1224E-20   -4.8806E-13   -4.8806E-13    1.1192E-13
  1.0839E-04   -5.8868E-13   -5.8868E-13   -0.0000E+00    0.0000E+00    6.4001E-20   -4.9518E-13   -4.9518E-13    9.3501E-14
  1.1187E-04   -5.7775E-13   -5.7775E-13   -0.0000E+00    0.0000E+00    6.6599E-20   -5.2671E-13   -5.2671E-13    5.1042E-14
  1.1536E-04   -5.6722E-13   -5.6722E-13   -0.0000E+00    0.0000E+00    6.9031E-20   -5.2633E-13   -5.2633E-13    4.0889E-14
  1.1885E-04   -5.5706E-13   -5.5706E-13   -0.0000E+00    0.0000E+00    7.1312E-20   -5.0293E-13   -5.0293E-13    5.4131E-14
  1.2234E-04   -5.4723E-13   -5.4723E-13   -0.0000E+00    0.0000E+00    7.3448E-20   -4.8839E-13   -4.8839E-13    5.8847E-14
  1.2824E-04   -5.3133E-13   -5.3133E-13   -0.0000E+00    0.0000E+00    7.6753E-20   -4.7374E-13   -4.7374E-13    5.7588E-14
  1.3414E-04   -5.1621E-13   -5.1621E-13   -0.0000E+00    0.0000E+00    7.9703E-20   -4.6942E-13   -4.6942E-13    4.6791E-14
  1.4004E-04   -5.0181E-13   -5.0181E-13   -0.0000E+00    0.0000E+00    8.2328E-20   -4.6200E-13   -4.6200E-13    3.9810E-14
  1.4966E-04   -4.7964E-13   -4.7964E-13   -0.0000E+00    0.0000E+00    8.5978E-20   -4.4700E-13   -4.4700E-13    3.2646E-14
  1.5928E-04   -4.5891E-13   -4.5891E-13   -0.0000E+00    0.0000E+00    8.8928E-20   -4.3026E-13   -4.3026E-13    2.8649E-14
  1.6890E-04   -4.3944E-13   -4.3944E-13   -0.0000E+00    0.0000E+00    9.1265E-20   -4.0873E-13   -4.0873E-13    3.0706E-14
  1.7852E-04   -4.2107E-13   -4.2107E-13   -0.0000E+00    0.0000E+00    9.3060E-20   -3.8808E-13   -3.8808E-13    3.2994E-14
  1.9754E-04   -3.8760E-13   -3.8760E-13   -0.0000E+00    0.0000E+00    9.5253E-20   -3.5420E-13   -3.5420E-13    3.3401E-14
  2.1656E-04   -3.5742E-13   -3.5742E-13   -0.0000E+00    0.0000E+00    9.5988E-20   -3.2686E-13   -3.2686E-13    3.0561E-14
  2.3558E-04   -3.3035E-13   -3.3035E-13   -0.0000E+00    0.0000E+00    9.5666E-20   -3.0446E-13   -3.0446E-13    2.5887E-14
  2.5461E-04   -3.0603E-13   -3.0603E-13   -0.0000E+00    0.0000E+00    9.4579E-20   -2.8270E-13   -2.8270E-13    2.3332E-14
  2.8400E-04   -2.7303E-13   -2.7303E-13   -0.0000E+00    0.0000E+00    9.1859E-20   -2.5185E-13   -2.5185E-13    2.1188E-14
  3.1340E-04   -2.4508E-13   -2.4508E-13   -0.0000E+00    0.0000E+00    8.8459E-20   -2.2570E-13   -2.2570E-13    1.9384E-14
  3.5846E-04   -2.1017E-13   -2.1017E-13   -0.0000E+00    0.0000E+00    8.2802E-20   -1.9359E-13   -1.9359E-13    1.6580E-14
  4.0352E-04   -1.8349E-13   -1.8349E-13   -0.0000E+00    0.0000E+00    7.7514E-20   -1.6917E-13   -1.6917E-13    1.4313E-14
  4.4858E-04   -1.6324E-13   -1.6324E-13   -0.0000E+00    0.0000E+00    7.3041E-20   -1.5032E-13   -1.5032E-13    1.2920E-14
  4.9363E-04   -1.4785E-13   -1.4785E-13   -0.0000E+00    0.0000E+00    6.9464E-20   -1.3618E-13   -1.3618E-13    1.1671E-14
  5.3869E-04   -1.3634E-13   -1.3634E-13   -0.0000E+00    0.0000E+00    6.6857E-20   -1.2575E-13   -1.2575E-13    1.0586E-14
  5.8375E-04   -1.2783E-13   -1.2783E-13   -0.0000E+00    0.0000E+00    6.5127E-20   -1.1787E-13   -1.1787E-13    9.9518E-15
  6.2881E-04   -1.2170E-13   -1.2170E-13   -0.0000E+00    0.0000E+00    6.4210E-20   -1.1216E-13   -1.1216E-13    9.5411E-15
  6.7386E-04   -1.1756E-13   -1.1756E-13   -0.0000E+00    0.0000E+00    6.4063E-20   -1.0835E-13   -1.0835E-13    9.2118E-15
  7.4595E-04   -1.1417E-13   -1.1417E-13   -0.0000E+00    0.0000E+00    6.5275E-20   -1.0525E-13   -1.0525E-13    8.9202E-15
  8.1804E-04   -1.1372E-13   -1.1372E-13   -0.0000E+00    0.0000E+00    6.8004E-20   -1.0484E-13   -1.0484E-13    8.8802E-15
  8.9013E-04   -1.1542E-13   -1.1542E-13   -0.0000E+00    0.0000E+00    7.2080E-20   -1.0638E-13   -1.0638E-13    9.0405E-15
  9.6222E-04   -1.1805E-13   -1.1805E-13   -0.0000E+00    0.0000E+00    7.6921E-20   -1.0877E-13   -1.0877E-13    9.2838E-15
  1.0343E-03   -1.2287E-13   -1.2287E-13   -0.0000E+00    0.0000E+00    8.3496E-20   -1.1323E-13   -1.1323E-13    9.6440E-15
  1.1064E-03   -1.2799E-13   -1.2799E-13   -0.0000E+00    0.0000E+00    9.0701E-20   -1.1793E-13   -1.1793E-13    1.0069E-14
  1.2154E-03   -1.3790E-13   -1.3790E-13   -0.0000E+00    0.0000E+00    1.0414E-19   -1.2707E-13   -1.2707E-13    1.0831E-14
  1.3243E-03   -1.4974E-13   -1.4974E-13   -0.0000E+00    0.0000E+00    1.2062E-19   -1.3796E-13   -1.3796E-13    1.1773E-14
  1.4333E-03   -1.6374E-13   -1.6374E-13   -0.0000E+00    0.0000E+00    1.4088E-19   -1.5088E-13   -1.5088E-13    1.2861E-14
