 time, dtran
   1.0736414228980611E-020   7.5360643919999993E-010
   2.7102330982388631E-017   7.5360643919725927E-010
   1.3551165491202766E-017   7.5360643919862991E-010
   3.0538443301945478E-016   7.5360643916911104E-010
   2.0233048584633063E-015   7.5360643899535131E-010
   6.4775347185479478E-015   7.5360643854482470E-010
   2.4218227047584914E-014   7.5360643675042666E-010
   1.6204135171519647E-013   7.5360642281019664E-010
   1.5402725983913120E-012   7.5360628340788550E-010
   1.5322585065152469E-011   7.5360488938505349E-010
   1.1973867167120726E-010   7.5359432815987504E-010
   2.2415475827726206E-010   7.5358376722970848E-010
   1.2683156243378101E-009   7.5347815807415783E-010
   5.5022075205358415E-010   7.5355078816684829E-010
   8.7628674582990633E-010   7.5351781185715444E-010
   1.2023527396062284E-009   7.5348483651435749E-010
   1.5284187333825505E-009   7.5345186246090847E-010
   2.2168805692286365E-009   7.5338224501839341E-010
   3.4806636776572567E-009   7.5325446778208571E-010
   5.8481670694434163E-009   7.5301515539549498E-010
   9.9998445371617262E-009   7.5259567935305414E-010
   1.4151522004880035E-008   7.5217643819159556E-010
   1.8303199472598343E-008   7.5175743172696083E-010
   2.2454876940316651E-008   7.5133865986591561E-010
   2.9861515264027443E-008   7.5059214875749826E-010
   3.7268153587738241E-008   7.4984638281129662E-010
   4.4674791911449026E-008   7.4910136165701657E-010
   5.2081430235159825E-008   7.4835708465064216E-010
   5.9488068558870623E-008   7.4761355101686332E-010
   7.2364622808881040E-008   7.4632267360222978E-010
   8.5241177058891470E-008   7.4503403657621990E-010
   9.8117731308901887E-008   7.4374763598261607E-010
   1.1099428555891232E-007   7.4246346787451287E-010
   1.2387083980892275E-007   7.4118152833019388E-010
   1.4682413539465799E-007   7.3890190241261235E-010
   1.6977743098039323E-007   7.3662932332110931E-010
   1.9273072656612847E-007   7.3436376902250793E-010
   2.1568402215186370E-007   7.3210521752845792E-010
   2.3863731773759897E-007   7.2985364691559574E-010
   2.7549583593672958E-007   7.2625261401086137E-010
   3.1235435413586020E-007   7.2266943577271637E-010
   3.4921287233499087E-007   7.1910402262720322E-010
   3.8607139053412148E-007   7.1555628546586042E-010
   4.2292990873325215E-007   7.1202613563322270E-010
   4.5978842693238276E-007   7.0851348492361223E-010
   4.9664694513151338E-007   7.0501824558297089E-010
   5.3350546333064405E-007   7.0154033030861991E-010
   5.7036398152977461E-007   6.9807965224651100E-010
   6.0722249972890517E-007   6.9463612498790217E-010
   6.4408101792803573E-007   6.9120966256658828E-010
   6.8093953612716640E-007   6.8780017945659778E-010
   7.3822290338778560E-007   6.8253485867391342E-010
   7.9550627064840481E-007   6.7731002627903910E-010
   8.5278963790902401E-007   6.7212536746941089E-010
   9.1007300516964322E-007   6.6698056994682879E-010
   9.6735637243026243E-007   6.6187532390300284E-010
   1.0246397396908815E-006   6.5680932198506338E-010
   1.0819231069515008E-006   6.5178225927076154E-010
   1.1392064742121199E-006   6.4679383325498135E-010
   1.1964898414727392E-006   6.4184374383507127E-010
   1.2537732087333583E-006   6.3693169328984978E-010
   1.3110565759939777E-006   6.3205738625678081E-010
   1.3683399432545968E-006   6.2722052971172788E-010
   1.4256233105152161E-006   6.2242083295098667E-010
   1.4829066777758352E-006   6.1765800757313546E-010
   1.5401900450364545E-006   6.1293176745987588E-010
   1.5974734122970736E-006   6.0824182875672060E-010
   1.6547567795576929E-006   6.0358790985429346E-010
   1.7120401468183120E-006   5.9896973137016139E-010
   1.7693235140789313E-006   5.9438701613073841E-010
   1.8266068813395504E-006   5.8983948915313032E-010
   1.8838902486001697E-006   5.8532687762710352E-010
   1.9411736158607890E-006   5.8084891089728088E-010
   1.9984569831214081E-006   5.7640532044556333E-010
   2.0557403503820272E-006   5.7199583987368525E-010
   2.1130237176426463E-006   5.6762020488587816E-010
   2.1703070849032658E-006   5.6327815327168551E-010
   2.2275904521638849E-006   5.5896942488893312E-010
   2.2848738194245040E-006   5.5469376164687128E-010
   2.3421571866851231E-006   5.5045090748944647E-010
   2.3994405539457427E-006   5.4624060837871162E-010
   2.4567239212063618E-006   5.4206261227839179E-010
   2.5563381125285991E-006   5.3487338108710950E-010
   2.6559523038508365E-006   5.2777977904111813E-010
   2.7555664951730739E-006   5.2078052309387984E-010
   2.8551806864953112E-006   5.1387434770370913E-010
   2.9547948778175486E-006   5.0706000458378487E-010
   3.0544090691397860E-006   5.0033626246122353E-010
   3.1540232604620233E-006   4.9370190684071103E-010
   3.2536374517842607E-006   4.8715573976874165E-010
   3.3532516431064981E-006   4.8069657959992042E-010
   3.4528658344287354E-006   4.7432326076768546E-010
   3.5524800257509728E-006   4.6803463355959179E-010
   3.6520942170732101E-006   4.6182956389590690E-010
   3.7517084083954475E-006   4.5570693311087247E-010
   3.8513225997176845E-006   4.4966563773694993E-010
   3.9509367910399222E-006   4.4370458929242144E-010
   4.0505509823621592E-006   4.3782271407231642E-010
   4.0235604480058610E-006   4.3940865300717605E-010
   4.0961841049718007E-006   4.3515438683865953E-010
   4.1688077619377395E-006   4.3094138369206701E-010
   4.2414314189036783E-006   4.2676924050582455E-010
   4.3140550758696179E-006   4.2263755821037757E-010
   4.3866787328355567E-006   4.1854594168684520E-010
   4.4593023898014964E-006   4.1449399972710698E-010
   4.5319260467674352E-006   4.1048134499454832E-010
   4.5100487341855036E-006   4.1168601410620610E-010
   4.5607950785695108E-006   4.0889707984378428E-010
   4.6115414229535189E-006   4.0612706680881449E-010
   4.6622877673375261E-006   4.0337584577088927E-010
   4.7130341117215334E-006   4.0064328839385063E-010
   4.6983782039613371E-006   4.0143056128507010E-010
   4.7344686405851480E-006   3.9949467088049794E-010
   4.7705590772089582E-006   3.9756812889187194E-010
   4.8305576901885254E-006   3.9438591190774603E-010
   4.8028676919036351E-006   3.9585135731203947E-010
   4.8351763065983112E-006   3.9414200873835167E-010
   4.8674849212929881E-006   3.9244005086548487E-010
   4.9176876458880415E-006   3.8981005318735364E-010
   4.9019380351183945E-006   3.9063323136380369E-010
   4.9363911489438009E-006   3.8883474085042202E-010
   4.9708442627692073E-006   3.8704454068371074E-010
   5.0052973765946137E-006   3.8526259240359147E-010
   5.0397504904200201E-006   3.8348885773066129E-010
   5.0742036042454265E-006   3.8172329856529319E-010
   5.0599898582112679E-006   3.8245069759235721E-010
   5.0802292260025157E-006   3.8141535107177614E-010
   5.0734307515801132E-006   3.8176281424389872E-010
   5.0868716449489594E-006   3.8107616951984439E-010
   5.1003125383178056E-006   3.8039076117564228E-010
   5.1137534316866509E-006   3.7970658697098990E-010
   5.1271943250554970E-006   3.7902364466971196E-010
   5.1406352184243424E-006   3.7834193203974914E-010
   5.1540761117931885E-006   3.7766144685313205E-010
   5.1758537151850663E-006   3.7656149077151711E-010
   5.1976313185769450E-006   3.7546474171204372E-010
   5.2194089219688228E-006   3.7437119026613337E-010
   5.2411865253607014E-006   3.7328082705317972E-010
   5.2629641287525792E-006   3.7219364272045607E-010
   5.2847417321444578E-006   3.7110962794299654E-010
   5.3065193355363356E-006   3.7002877342351094E-010
   5.3282969389282143E-006   3.6895106989230435E-010
   5.3621357440439076E-006   3.6728272648765614E-010
   5.3959745491596017E-006   3.6562193397478853E-010
   5.4298133542752959E-006   3.6396865803415323E-010
   5.4636521593909892E-006   3.6232286442597599E-010
   5.5217289329199137E-006   3.5951556835597577E-010
   5.5798057064488382E-006   3.5673004107707409E-010
   5.6378824799777627E-006   3.5396611288065634E-010
   5.6959592535066871E-006   3.5122361503843968E-010
   5.7540360270356116E-006   3.4850238012570766E-010
   5.8121128005645361E-006   3.4580224234870546E-010
   5.8701895740934606E-006   3.4312303734394714E-010
   5.9282663476223850E-006   3.4046460198935547E-010
   5.9863431211513095E-006   3.3782677437341406E-010
   6.0444198946802340E-006   3.3520939383463318E-010
   6.1024966682091585E-006   3.3261230098628034E-010
   6.1931201893471585E-006   3.2859992701413822E-010
   6.2837437104851585E-006   3.2463597173125947E-010
   6.3743672316231585E-006   3.2071984768523422E-010
   6.4649907527611585E-006   3.1685097465926678E-010
   6.5556142738991585E-006   3.1302877957214522E-010
   6.6462377950371585E-006   3.0925269635318937E-010
   6.7368613161751585E-006   3.0552216585243456E-010
   6.8274848373131585E-006   3.0183663576504675E-010
   6.9181083584511585E-006   2.9819556055183466E-010
   7.0087318795891585E-006   2.9459840135452046E-010
   7.0993554007271585E-006   2.9104462591031907E-010
   7.1899789218651585E-006   2.8753370846866434E-010
   7.2806024430031585E-006   2.8406512971014961E-010
   7.3712259641411585E-006   2.8063837666678855E-010
   7.4618494852791585E-006   2.7725294264310563E-010
   7.5524730064171585E-006   2.7390832713804213E-010
   7.6430965275551593E-006   2.7060403576781625E-010
   7.7337200486931593E-006   2.6733958018984722E-010
   7.8243435698311593E-006   2.6411447802761609E-010
   7.9149670909691593E-006   2.6092825279660362E-010
   7.8827500020171243E-006   2.6205654675752325E-010
   7.9411564342030910E-006   2.6001463760597031E-010
   7.9995628663890577E-006   2.5798862527094506E-010
   7.9786749122589558E-006   2.5871137204467150E-010
   8.0161933903148188E-006   2.5741463309908866E-010
   8.0537118683706819E-006   2.5612438794021264E-010
   8.0912303464265466E-006   2.5484060390977267E-010
   8.1287488244824097E-006   2.5356324851552555E-010
   8.1662673025382727E-006   2.5229228943006235E-010
   8.2037857805941375E-006   2.5102769448983148E-010
   8.2413042586500006E-006   2.4976943169430206E-010
   8.2273511008178944E-006   2.5023664328624581E-010
   8.2509164210416514E-006   2.4944808226753261E-010
   8.2744817412654100E-006   2.4866200356191552E-010
   8.2980470614891670E-006   2.4787839932288503E-010
   8.3216123817129256E-006   2.4709726172896873E-010
   8.3451777019366825E-006   2.4631858298367719E-010
   8.3687430221604395E-006   2.4554235531538903E-010
   8.3923083423841981E-006   2.4476857097724091E-010
   8.4320467734623530E-006   2.4346924344612595E-010
   8.4717852045405062E-006   2.4217680504851835E-010
   8.5115236356186610E-006   2.4089121911017223E-010
   8.5726489697827287E-006   2.3892703404654592E-010
   8.6790843632446305E-006   2.3554496491313103E-010
   8.7855197567065306E-006   2.3221070513453548E-010
   8.8919551501684324E-006   2.2892357618475520E-010
   9.0574076946063528E-006   2.2390578036396526E-010
   9.2228602390442716E-006   2.1899779360197129E-010
   9.3883127834821903E-006   2.1419720380667200E-010
   9.5537653279201107E-006   2.0950165242873678E-010
   9.7192178723580295E-006   2.0490883385254470E-010
   9.8846704167959499E-006   2.0041649320035144E-010
   1.0050122961233869E-005   1.9602242482951739E-010
   1.0215575505671787E-005   1.9172447169527587E-010
   1.0381028050109708E-005   1.8752052466078698E-010
   1.0546480594547627E-005   1.8340852135099130E-010
   1.0711933138985545E-005   1.7938644486841167E-010
   1.0877385683423466E-005   1.7545232271056048E-010
   1.1042838227861384E-005   1.7160422586952987E-010
   1.1208290772299303E-005   1.6784026793231733E-010
   1.1373743316737224E-005   1.6415860411440324E-010
   1.1312831636900225E-005   1.6550455944915108E-010
   1.1229198945219487E-005   1.6737051267429716E-010
   1.1250107118139671E-005   1.6690206784946636E-010
   1.1271015291059855E-005   1.6643492980665936E-010
   1.1291923463980039E-005   1.6596909489066634E-010
   1.1312831636900224E-005   1.6550455945617741E-010
   1.1333739809820408E-005   1.6504131986814029E-010
   1.1354647982740592E-005   1.6457937250175456E-010
   1.1388643869914616E-005   1.6383101318848489E-010
   1.1422639757088643E-005   1.6308604515499926E-010
   1.1456635644262667E-005   1.6234445299136585E-010
   1.1490631531436692E-005   1.6160622135811072E-010
   1.1548320815913013E-005   1.6036112682871435E-010
   1.1606010100389335E-005   1.5912559130865406E-010
   1.1663699384865654E-005   1.5789954121368154E-010
   1.1721388669341976E-005   1.5668290353058203E-010
   1.1699562669332115E-005   1.5714210049867267E-010
   1.1735425953798575E-005   1.5638827990960850E-010
   1.1771289238265035E-005   1.5563806209745059E-010
   1.1807152522731496E-005   1.5489142979781918E-010
   1.1792656213729231E-005   1.5519279562715513E-010
   1.1814023189193428E-005   1.5474879825090448E-010
   1.1835390164657624E-005   1.5430606634223877E-010
   1.1856757140121820E-005   1.5386459628506408E-010
   1.1847561942765102E-005   1.5405442682128238E-010
   1.1859733720872580E-005   1.5380319611084578E-010
   1.1855770245924511E-005   1.5388495908495035E-010
   1.1863978549083919E-005   1.5371567706204740E-010
   1.1872186852243328E-005   1.5354658054852977E-010
   1.1869612630695191E-005   1.5359959127339660E-010
   1.1875246712306465E-005   1.5348359281760176E-010
   1.1880880793917737E-005   1.5336768162879272E-010
   1.1886514875529010E-005   1.5325185764114913E-010
   1.1884601805256871E-005   1.5329117626969092E-010
   1.1888322816596007E-005   1.5321470892791638E-010
   1.1892043827935141E-005   1.5313827958452873E-010
   1.1895764839274277E-005   1.5306188822059722E-010
   1.1899485850613411E-005   1.5298553481720063E-010
   1.1905305220673077E-005   1.5286620014083134E-010
   1.1911124590732742E-005   1.5274695819172178E-010
   1.1916943960792407E-005   1.5262780889763629E-010
   1.1922763330852073E-005   1.5250875218639448E-010
   1.1931686111847405E-005   1.5232638338377157E-010
   1.1945825091913807E-005   1.5203784771279503E-010
   1.1959964071980206E-005   1.5174985646323142E-010
   1.1974103052046606E-005   1.5146240860574091E-010
   1.1988242032113008E-005   1.5117550311213259E-010
   1.2017995086281250E-005   1.5057352670798007E-010
   1.2065404863248250E-005   1.4961924149113116E-010
   1.2112814640215252E-005   1.4867098025136611E-010
   1.2160224417182254E-005   1.4772870492326808E-010
   1.2207634194149256E-005   1.4679237758371945E-010
   1.2255043971116259E-005   1.4586196056733503E-010
   1.2302453748083261E-005   1.4493741646847232E-010
   1.2395072722544719E-005   1.4314804368306404E-010
   1.2487691697006178E-005   1.4138066907405179E-010
   1.2580310671467637E-005   1.3963502240621220E-010
   1.2672929645929097E-005   1.3791083532617972E-010
   1.2765548620390556E-005   1.3620784241221615E-010
   1.2858167594852014E-005   1.3452578244358908E-010
   1.2950786569313473E-005   1.3286439790856096E-010
   1.3043405543774933E-005   1.3122343437644345E-010
   1.3190223307257330E-005   1.2866343908251072E-010
   1.3337041070739726E-005   1.2615314048337478E-010
   1.3483858834222123E-005   1.2369157163261284E-010
   1.3630676597704519E-005   1.2127778455518047E-010
   1.3777494361186916E-005   1.1891084994115147E-010
   1.3924312124669312E-005   1.1658985664302085E-010
   1.4071129888151709E-005   1.1431391125316215E-010
   1.4217947651634105E-005   1.1208213777227136E-010
   1.4364765415116501E-005   1.0989367729711100E-010
   1.4609378217514296E-005   1.0634140781724831E-010
   1.4853991019912089E-005   1.0290324550035548E-010
   1.4779594305039849E-005   1.0393707669588160E-010
   1.4949810392565405E-005   1.0158675221617098E-010
   1.5120026480090960E-005   9.9289219951566807E-011
   1.5290242567616513E-005   9.7043292439493010E-011
   1.5460458655142069E-005   9.4847808241340195E-011
   1.5630674742667624E-005   9.2701632252178546E-011
   1.5800890830193179E-005   9.0603655431916725E-011
   1.6078713645341238E-005   8.7280112528617830E-011
   1.6356536460489296E-005   8.4077518778624992E-011
   1.6634359275637358E-005   8.0991467026677463E-011
   1.6912182090785416E-005   7.8017710739638901E-011
   1.7190004905933478E-005   7.5152158001413974E-011
   1.7467827721081540E-005   7.2390866497216784E-011
   1.7745650536229601E-005   6.9730038321512539E-011
   1.8023473351377660E-005   6.7166014365606450E-011
   1.8301296166525721E-005   6.4695268923299144E-011
   1.8579118981673783E-005   6.2314404833363670E-011
   1.8856941796821845E-005   6.0020148939470159E-011
   1.9134764611969903E-005   5.7809347603441139E-011
   1.9412587427117965E-005   5.5678962265137886E-011
   1.9690410242266027E-005   5.3626065173750183E-011
   1.9968233057414089E-005   5.1647835339724462E-011
   2.0246055872562147E-005   4.9741554658343343E-011
   2.0523878687710209E-005   4.7904604153388611E-011
   2.0801701502858271E-005   4.6134460338273976E-011
   2.1079524318006332E-005   4.4428691713988011E-011
   2.1357347133154391E-005   4.2784955407710872E-011
   2.1635169948302452E-005   4.1200993938562481E-011
   2.1912992763450514E-005   3.9674632097762967E-011
   2.2190815578598573E-005   3.8203773939670101E-011
   2.2468638393746634E-005   3.6786399884403505E-011
   2.2746461208894696E-005   3.5420563928713466E-011
   2.3024284024042758E-005   3.4104390959982035E-011
   2.3302106839190816E-005   3.2836074167843879E-011
   2.3579929654338878E-005   3.1613872550104117E-011
   2.3857752469486940E-005   3.0436108510302689E-011
   2.4135575284635001E-005   2.9301165543756991E-011
   2.4413398099783060E-005   2.8207486008480554E-011
   2.4691220914931122E-005   2.7153568977590388E-011
   2.4969043730079183E-005   2.6137968170258604E-011
   2.5246866545227245E-005   2.5159289958463340E-011
   2.5667531615624819E-005   2.3744723721924710E-011
   2.6088196686022393E-005   2.2407290572322013E-011
   2.6508861756419968E-005   2.1142783412779180E-011
   2.6929526826817542E-005   1.9947224797228893E-011
   2.7350191897215116E-005   1.8816853801394651E-011
   2.7770856967612693E-005   1.7748114633361923E-011
   2.8191522038010268E-005   1.6737645879509647E-011
   2.8612187108407842E-005   1.5782269788707642E-011
   2.9032852178805416E-005   1.4878981943211426E-011
   2.9453517249202990E-005   1.4024941712984149E-011
   2.9874182319600568E-005   1.3217463428322907E-011
   3.0294847389998142E-005   1.2454008006613029E-011
   3.0715512460395719E-005   1.1732174924989832E-011
   3.1136177530793290E-005   1.1049694599857579E-011
   3.1556842601190868E-005   1.0404421226843858E-011
   3.1977507671588438E-005   9.7943260468340103E-012
   3.2398172741986016E-005   9.2174909722421927E-012
   3.2818837812383587E-005   8.6721025407474319E-012
   3.3239502882781164E-005   8.1564461948128419E-012
   3.3660167953178735E-005   7.6689008825591972E-012
   3.4080833023576306E-005   7.2079339596759765E-012
   3.4501498093973877E-005   6.7720963679020671E-012
   3.5141911565005643E-005   6.1537662819737665E-012
   3.5782325036037416E-005   5.5860138362266751E-012
   3.6422738507069183E-005   5.0647028574369043E-012
   3.7063151978100956E-005   4.5860356223141183E-012
   3.7703565449132722E-005   4.1465229711651447E-012
   3.8343978920164495E-005   3.7429606679688432E-012
   3.8984392391196262E-005   3.3724078079361587E-012
   3.9624805862228035E-005   3.0321649375913101E-012
   4.0265219333259801E-005   2.7197531888100297E-012
   4.0905632804291574E-005   2.4328959286956337E-012
   4.1546046275323341E-005   2.1695026575980375E-012
   4.2186459746355114E-005   1.9276541215638030E-012
   4.2826873217386880E-005   1.7055882158666085E-012
   4.3467286688418653E-005   1.5016869174985693E-012
   4.4107700159450420E-005   1.3144644547473783E-012
   4.4748113630482193E-005   1.1425565782419860E-012
   4.5388527101513959E-005   9.8471067879719475E-013
   4.6028940572545732E-005   8.3977663235694967E-013
   4.6669354043577499E-005   7.0669837632969009E-013
   4.7646368720061994E-005   5.2434160279893542E-013
   4.8623383396546497E-005   3.6424468999306749E-013
   4.9600398073030993E-005   2.2369382940015285E-013
   5.0577412749515488E-005   1.0030673284998168E-013
   5.1554427425999984E-005  -8.0137014629206027E-015
   5.2531442102484486E-005  -1.0306611213311547E-013
   5.3508456778968982E-005  -1.8603086309739044E-013
   5.4485471455453478E-005  -2.5882315266220376E-013
   5.5462486131937980E-005  -3.2234013190078752E-013
   5.6439500808422476E-005  -3.7760092445159340E-013
   5.7416515484906971E-005  -4.2564436809596069E-013
   5.8393530161391467E-005  -4.6737577366349147E-013
   5.9370544837875969E-005  -5.0353706225198588E-013
   6.0347559514360465E-005  -5.3476110551863114E-013
   6.1324574190844961E-005  -5.6161991986216729E-013
   6.2301588867329463E-005  -5.8463688973630878E-013
   6.3278603543813952E-005  -6.0428028845582496E-013
   6.4761187963110272E-005  -6.2853784236073283E-013
   6.6243772382406591E-005  -6.4716208977371638E-013
   6.7726356801702911E-005  -6.6115643564985036E-013
   6.9208941220999230E-005  -6.7135064997953731E-013
   7.0691525640295550E-005  -6.7842975081165687E-013
   7.2174110059591869E-005  -6.8296722678621058E-013
   7.3656694478888189E-005  -6.8544085321247692E-013
   7.5139278898184509E-005  -6.8624176464909856E-013
   7.6621863317480828E-005  -6.8568819839795861E-013
   7.8104447736777148E-005  -6.8404293701975729E-013
   7.9587032156073467E-005  -6.8152567039066342E-013
   8.1069616575369787E-005  -6.7831827774370922E-013
   8.3295836803162415E-005  -6.7252391466457362E-013
   8.5522057030955044E-005  -6.6589430202734583E-013
   8.7748277258747673E-005  -6.5870982547154165E-013
   8.9974497486540301E-005  -6.5117788845294534E-013
   9.2200717714332930E-005  -6.4346073438843915E-013
   9.4426937942125559E-005  -6.3567659089012191E-013
   9.7916463573613038E-005  -6.2352617941206030E-013
   1.0140598920510050E-004  -6.1160139285983172E-013
   1.0489551483658798E-004  -5.9997666416676129E-013
   1.0838504046807546E-004  -5.8868117574344669E-013
   1.1187456609956293E-004  -5.7775384793971457E-013
   1.1536409173105041E-004  -5.6721967582606484E-013
   1.1885361736253789E-004  -5.5705804029966228E-013
   1.2234314299402536E-004  -5.4723225701609493E-013
   1.2824217455747531E-004  -5.3132679771761158E-013
   1.3414120612092521E-004  -5.1621102118477641E-013
   1.4004023768437516E-004  -5.0180615312799849E-013
   1.4965966825005887E-004  -4.7964349827016628E-013
   1.5927909881574261E-004  -4.5891425544440267E-013
   1.6889852938142634E-004  -4.3944002192847402E-013
   1.7851795994711005E-004  -4.2107137267816302E-013
   1.9754007164391783E-004  -3.8759863151633282E-013
   2.1656218334072561E-004  -3.5742160130364267E-013
   2.3558429503753339E-004  -3.3035113150016180E-013
   2.5460640673434119E-004  -3.0603014189876014E-013
   2.8400437626364814E-004  -2.7303389027088175E-013
   3.1340234579295504E-004  -2.4508220773632397E-013
   3.5846007546940108E-004  -2.1016624512279357E-013
   4.0351780514584707E-004  -1.8348583947332099E-013
   4.4857553482229305E-004  -1.6324443366283892E-013
   4.9363326449873904E-004  -1.4784606117482697E-013
   5.3869099417518508E-004  -1.3634130199532912E-013
   5.8374872385163101E-004  -1.2782521649597503E-013
   6.2880645352807695E-004  -1.2170422816086951E-013
   6.7386418320452288E-004  -1.1756250910052562E-013
   7.4595238373828488E-004  -1.1417371679994304E-013
   8.1804058427204689E-004  -1.1371624243504909E-013
   8.9012878480580889E-004  -1.1542008139190366E-013
   9.6221698533957090E-004  -1.1805287649213881E-013
   1.0343051858733329E-003  -1.2287049421908314E-013
   1.1063933864070947E-003  -1.2799366551529221E-013
   1.2153596176734964E-003  -1.3790097634339996E-013
   1.3243258489398979E-003  -1.4973588094997158E-013
   1.4332920802062994E-003  -1.6373667113094431E-013
