   1.0736414228980611E-020   0.0000000000000000     
   2.7102330982388631E-017   0.0000000000000000     
   1.3551165491202766E-017   0.0000000000000000     
   3.0538443301945478E-016   0.0000000000000000     
   2.0233048584633063E-015   0.0000000000000000     
   6.4775347185479478E-015   0.0000000000000000     
   2.4218227047584914E-014   0.0000000000000000     
   1.6204135171519647E-013   0.0000000000000000     
   1.5402725983913120E-012   0.0000000000000000     
   1.5322585065152469E-011   0.0000000000000000     
   1.1973867167120726E-010   0.0000000000000000     
   2.2415475827726206E-010   0.0000000000000000     
   1.2683156243378101E-009   0.0000000000000000     
   5.5022075205358415E-010   0.0000000000000000     
   8.7628674582990633E-010   0.0000000000000000     
   1.2023527396062284E-009   0.0000000000000000     
   1.5284187333825505E-009   0.0000000000000000     
   2.2168805692286365E-009   0.0000000000000000     
   3.4806636776572567E-009   0.0000000000000000     
   5.8481670694434163E-009   0.0000000000000000     
   9.9998445371617262E-009   0.0000000000000000     
   1.4151522004880035E-008   0.0000000000000000     
   1.8303199472598343E-008   0.0000000000000000     
   2.2454876940316651E-008   0.0000000000000000     
   2.9861515264027443E-008   0.0000000000000000     
   3.7268153587738241E-008   0.0000000000000000     
   4.4674791911449026E-008   0.0000000000000000     
   5.2081430235159825E-008   0.0000000000000000     
   5.9488068558870623E-008   0.0000000000000000     
   7.2364622808881040E-008   0.0000000000000000     
   8.5241177058891470E-008   0.0000000000000000     
   9.8117731308901887E-008   0.0000000000000000     
   1.1099428555891232E-007   0.0000000000000000     
   1.2387083980892275E-007   0.0000000000000000     
   1.4682413539465799E-007   0.0000000000000000     
   1.6977743098039323E-007   0.0000000000000000     
   1.9273072656612847E-007   0.0000000000000000     
   2.1568402215186370E-007   0.0000000000000000     
   2.3863731773759897E-007   0.0000000000000000     
   2.7549583593672958E-007   0.0000000000000000     
   3.1235435413586020E-007   0.0000000000000000     
   3.4921287233499087E-007   0.0000000000000000     
   3.8607139053412148E-007   0.0000000000000000     
   4.2292990873325215E-007   0.0000000000000000     
   4.5978842693238276E-007   0.0000000000000000     
   4.9664694513151338E-007   0.0000000000000000     
   5.3350546333064405E-007   0.0000000000000000     
   5.7036398152977461E-007   0.0000000000000000     
   6.0722249972890517E-007   0.0000000000000000     
   6.4408101792803573E-007   0.0000000000000000     
   6.8093953612716640E-007   0.0000000000000000     
   7.3822290338778560E-007   0.0000000000000000     
   7.9550627064840481E-007   0.0000000000000000     
   8.5278963790902401E-007   0.0000000000000000     
   9.1007300516964322E-007   0.0000000000000000     
   9.6735637243026243E-007   0.0000000000000000     
   1.0246397396908815E-006   0.0000000000000000     
   1.0819231069515008E-006   0.0000000000000000     
   1.1392064742121199E-006   0.0000000000000000     
   1.1964898414727392E-006   0.0000000000000000     
   1.2537732087333583E-006   0.0000000000000000     
   1.3110565759939777E-006   0.0000000000000000     
   1.3683399432545968E-006   0.0000000000000000     
   1.4256233105152161E-006   0.0000000000000000     
   1.4829066777758352E-006   0.0000000000000000     
   1.5401900450364545E-006   0.0000000000000000     
   1.5974734122970736E-006   0.0000000000000000     
   1.6547567795576929E-006   0.0000000000000000     
   1.7120401468183120E-006   0.0000000000000000     
   1.7693235140789313E-006   0.0000000000000000     
   1.8266068813395504E-006   0.0000000000000000     
   1.8838902486001697E-006   0.0000000000000000     
   1.9411736158607890E-006   0.0000000000000000     
   1.9984569831214081E-006   0.0000000000000000     
   2.0557403503820272E-006   0.0000000000000000     
   2.1130237176426463E-006   0.0000000000000000     
   2.1703070849032658E-006   0.0000000000000000     
   2.2275904521638849E-006   0.0000000000000000     
   2.2848738194245040E-006   0.0000000000000000     
   2.3421571866851231E-006   0.0000000000000000     
   2.3994405539457427E-006   0.0000000000000000     
   2.4567239212063618E-006   0.0000000000000000     
   2.5563381125285991E-006   0.0000000000000000     
   2.6559523038508365E-006   0.0000000000000000     
   2.7555664951730739E-006   0.0000000000000000     
   2.8551806864953112E-006   0.0000000000000000     
   2.9547948778175486E-006   0.0000000000000000     
   3.0544090691397860E-006   0.0000000000000000     
   3.1540232604620233E-006   0.0000000000000000     
   3.2536374517842607E-006   0.0000000000000000     
   3.3532516431064981E-006   0.0000000000000000     
   3.4528658344287354E-006   0.0000000000000000     
   3.5524800257509728E-006   0.0000000000000000     
   3.6520942170732101E-006   0.0000000000000000     
   3.7517084083954475E-006   0.0000000000000000     
   3.8513225997176845E-006   0.0000000000000000     
   3.9509367910399222E-006   0.0000000000000000     
   4.0505509823621592E-006   0.0000000000000000     
   4.0235604480058610E-006   0.0000000000000000     
   4.0961841049718007E-006   0.0000000000000000     
   4.1688077619377395E-006   0.0000000000000000     
   4.2414314189036783E-006   0.0000000000000000     
   4.3140550758696179E-006   0.0000000000000000     
   4.3866787328355567E-006   0.0000000000000000     
   4.4593023898014964E-006   0.0000000000000000     
   4.5319260467674352E-006   0.0000000000000000     
   4.5100487341855036E-006   0.0000000000000000     
   4.5607950785695108E-006   0.0000000000000000     
   4.6115414229535189E-006   0.0000000000000000     
   4.6622877673375261E-006   0.0000000000000000     
   4.7130341117215334E-006   0.0000000000000000     
   4.6983782039613371E-006   0.0000000000000000     
   4.7344686405851480E-006   0.0000000000000000     
   4.7705590772089582E-006   0.0000000000000000     
   4.8305576901885254E-006   0.0000000000000000     
   4.8028676919036351E-006   0.0000000000000000     
   4.8351763065983112E-006   0.0000000000000000     
   4.8674849212929881E-006   0.0000000000000000     
   4.9176876458880415E-006   0.0000000000000000     
   4.9019380351183945E-006   0.0000000000000000     
   4.9363911489438009E-006   0.0000000000000000     
   4.9708442627692073E-006   0.0000000000000000     
   5.0052973765946137E-006   0.0000000000000000     
   5.0397504904200201E-006   0.0000000000000000     
   5.0742036042454265E-006   0.0000000000000000     
   5.0599898582112679E-006   0.0000000000000000     
   5.0802292260025157E-006   0.0000000000000000     
   5.0734307515801132E-006   0.0000000000000000     
   5.0868716449489594E-006   0.0000000000000000     
   5.1003125383178056E-006   0.0000000000000000     
   5.1137534316866509E-006   0.0000000000000000     
   5.1271943250554970E-006   0.0000000000000000     
   5.1406352184243424E-006   0.0000000000000000     
   5.1540761117931885E-006   0.0000000000000000     
   5.1758537151850663E-006   0.0000000000000000     
   5.1976313185769450E-006   0.0000000000000000     
   5.2194089219688228E-006   0.0000000000000000     
   5.2411865253607014E-006   0.0000000000000000     
   5.2629641287525792E-006   0.0000000000000000     
   5.2847417321444578E-006   0.0000000000000000     
   5.3065193355363356E-006   0.0000000000000000     
   5.3282969389282143E-006   0.0000000000000000     
   5.3621357440439076E-006   0.0000000000000000     
   5.3959745491596017E-006   0.0000000000000000     
   5.4298133542752959E-006   0.0000000000000000     
   5.4636521593909892E-006   0.0000000000000000     
   5.5217289329199137E-006   0.0000000000000000     
   5.5798057064488382E-006   0.0000000000000000     
   5.6378824799777627E-006   0.0000000000000000     
   5.6959592535066871E-006   0.0000000000000000     
   5.7540360270356116E-006   0.0000000000000000     
   5.8121128005645361E-006   0.0000000000000000     
   5.8701895740934606E-006   0.0000000000000000     
   5.9282663476223850E-006   0.0000000000000000     
   5.9863431211513095E-006   0.0000000000000000     
   6.0444198946802340E-006   0.0000000000000000     
   6.1024966682091585E-006   0.0000000000000000     
   6.1931201893471585E-006   0.0000000000000000     
   6.2837437104851585E-006   0.0000000000000000     
   6.3743672316231585E-006   0.0000000000000000     
   6.4649907527611585E-006   0.0000000000000000     
   6.5556142738991585E-006   0.0000000000000000     
   6.6462377950371585E-006   0.0000000000000000     
   6.7368613161751585E-006   0.0000000000000000     
   6.8274848373131585E-006   0.0000000000000000     
   6.9181083584511585E-006   0.0000000000000000     
   7.0087318795891585E-006   0.0000000000000000     
   7.0993554007271585E-006   0.0000000000000000     
   7.1899789218651585E-006   0.0000000000000000     
   7.2806024430031585E-006   0.0000000000000000     
   7.3712259641411585E-006   0.0000000000000000     
   7.4618494852791585E-006   0.0000000000000000     
   7.5524730064171585E-006   0.0000000000000000     
   7.6430965275551593E-006   0.0000000000000000     
   7.7337200486931593E-006   0.0000000000000000     
   7.8243435698311593E-006   0.0000000000000000     
   7.9149670909691593E-006   0.0000000000000000     
   7.8827500020171243E-006   0.0000000000000000     
   7.9411564342030910E-006   0.0000000000000000     
   7.9995628663890577E-006   0.0000000000000000     
   7.9786749122589558E-006   0.0000000000000000     
   8.0161933903148188E-006   0.0000000000000000     
   8.0537118683706819E-006   0.0000000000000000     
   8.0912303464265466E-006   0.0000000000000000     
   8.1287488244824097E-006   0.0000000000000000     
   8.1662673025382727E-006   0.0000000000000000     
   8.2037857805941375E-006   0.0000000000000000     
   8.2413042586500006E-006   0.0000000000000000     
   8.2273511008178944E-006   0.0000000000000000     
   8.2509164210416514E-006   0.0000000000000000     
   8.2744817412654100E-006   0.0000000000000000     
   8.2980470614891670E-006   0.0000000000000000     
   8.3216123817129256E-006   0.0000000000000000     
   8.3451777019366825E-006   0.0000000000000000     
   8.3687430221604395E-006   0.0000000000000000     
   8.3923083423841981E-006   0.0000000000000000     
   8.4320467734623530E-006   0.0000000000000000     
   8.4717852045405062E-006   0.0000000000000000     
   8.5115236356186610E-006   0.0000000000000000     
   8.5726489697827287E-006   0.0000000000000000     
   8.6790843632446305E-006   0.0000000000000000     
   8.7855197567065306E-006   0.0000000000000000     
   8.8919551501684324E-006   0.0000000000000000     
   9.0574076946063528E-006   0.0000000000000000     
   9.2228602390442716E-006   0.0000000000000000     
   9.3883127834821903E-006   0.0000000000000000     
   9.5537653279201107E-006   0.0000000000000000     
   9.7192178723580295E-006   0.0000000000000000     
   9.8846704167959499E-006   0.0000000000000000     
   1.0050122961233869E-005   0.0000000000000000     
   1.0215575505671787E-005   0.0000000000000000     
   1.0381028050109708E-005   0.0000000000000000     
   1.0546480594547627E-005   0.0000000000000000     
   1.0711933138985545E-005   0.0000000000000000     
   1.0877385683423466E-005   0.0000000000000000     
   1.1042838227861384E-005   0.0000000000000000     
   1.1208290772299303E-005   0.0000000000000000     
   1.1373743316737224E-005   0.0000000000000000     
   1.1312831636900225E-005   0.0000000000000000     
   1.1229198945219487E-005   0.0000000000000000     
   1.1250107118139671E-005   0.0000000000000000     
   1.1271015291059855E-005   0.0000000000000000     
   1.1291923463980039E-005   0.0000000000000000     
   1.1312831636900224E-005   0.0000000000000000     
   1.1333739809820408E-005   0.0000000000000000     
   1.1354647982740592E-005   0.0000000000000000     
   1.1388643869914616E-005   0.0000000000000000     
   1.1422639757088643E-005   0.0000000000000000     
   1.1456635644262667E-005   0.0000000000000000     
   1.1490631531436692E-005   0.0000000000000000     
   1.1548320815913013E-005   0.0000000000000000     
   1.1606010100389335E-005   0.0000000000000000     
   1.1663699384865654E-005   0.0000000000000000     
   1.1721388669341976E-005   0.0000000000000000     
   1.1699562669332115E-005   0.0000000000000000     
   1.1735425953798575E-005   0.0000000000000000     
   1.1771289238265035E-005   0.0000000000000000     
   1.1807152522731496E-005   0.0000000000000000     
   1.1792656213729231E-005   0.0000000000000000     
   1.1814023189193428E-005   0.0000000000000000     
   1.1835390164657624E-005   0.0000000000000000     
   1.1856757140121820E-005   0.0000000000000000     
   1.1847561942765102E-005   0.0000000000000000     
   1.1859733720872580E-005   0.0000000000000000     
   1.1855770245924511E-005   0.0000000000000000     
   1.1863978549083919E-005   0.0000000000000000     
   1.1872186852243328E-005   0.0000000000000000     
   1.1869612630695191E-005   0.0000000000000000     
   1.1875246712306465E-005   0.0000000000000000     
   1.1880880793917737E-005   0.0000000000000000     
   1.1886514875529010E-005   0.0000000000000000     
   1.1884601805256871E-005   0.0000000000000000     
   1.1888322816596007E-005   0.0000000000000000     
   1.1892043827935141E-005   0.0000000000000000     
   1.1895764839274277E-005   0.0000000000000000     
   1.1899485850613411E-005   0.0000000000000000     
   1.1905305220673077E-005   0.0000000000000000     
   1.1911124590732742E-005   0.0000000000000000     
   1.1916943960792407E-005   0.0000000000000000     
   1.1922763330852073E-005   0.0000000000000000     
   1.1931686111847405E-005   0.0000000000000000     
   1.1945825091913807E-005   0.0000000000000000     
   1.1959964071980206E-005   0.0000000000000000     
   1.1974103052046606E-005   0.0000000000000000     
   1.1988242032113008E-005   0.0000000000000000     
   1.2017995086281250E-005   0.0000000000000000     
   1.2065404863248250E-005   0.0000000000000000     
   1.2112814640215252E-005   0.0000000000000000     
   1.2160224417182254E-005   0.0000000000000000     
   1.2207634194149256E-005   0.0000000000000000     
   1.2255043971116259E-005   0.0000000000000000     
   1.2302453748083261E-005   0.0000000000000000     
   1.2395072722544719E-005   0.0000000000000000     
   1.2487691697006178E-005   0.0000000000000000     
   1.2580310671467637E-005   0.0000000000000000     
   1.2672929645929097E-005   0.0000000000000000     
   1.2765548620390556E-005   0.0000000000000000     
   1.2858167594852014E-005   0.0000000000000000     
   1.2950786569313473E-005   0.0000000000000000     
   1.3043405543774933E-005   0.0000000000000000     
   1.3190223307257330E-005   0.0000000000000000     
   1.3337041070739726E-005   0.0000000000000000     
   1.3483858834222123E-005   0.0000000000000000     
   1.3630676597704519E-005   0.0000000000000000     
   1.3777494361186916E-005   0.0000000000000000     
   1.3924312124669312E-005   0.0000000000000000     
   1.4071129888151709E-005   0.0000000000000000     
   1.4217947651634105E-005   0.0000000000000000     
   1.4364765415116501E-005   0.0000000000000000     
   1.4609378217514296E-005   0.0000000000000000     
   1.4853991019912089E-005   0.0000000000000000     
   1.4779594305039849E-005   0.0000000000000000     
   1.4949810392565405E-005   0.0000000000000000     
   1.5120026480090960E-005   0.0000000000000000     
   1.5290242567616513E-005   0.0000000000000000     
   1.5460458655142069E-005   0.0000000000000000     
   1.5630674742667624E-005   0.0000000000000000     
   1.5800890830193179E-005   0.0000000000000000     
   1.6078713645341238E-005   0.0000000000000000     
   1.6356536460489296E-005   0.0000000000000000     
   1.6634359275637358E-005   0.0000000000000000     
   1.6912182090785416E-005   0.0000000000000000     
   1.7190004905933478E-005   0.0000000000000000     
   1.7467827721081540E-005   0.0000000000000000     
   1.7745650536229601E-005   0.0000000000000000     
   1.8023473351377660E-005   0.0000000000000000     
   1.8301296166525721E-005   0.0000000000000000     
   1.8579118981673783E-005   0.0000000000000000     
   1.8856941796821845E-005   0.0000000000000000     
   1.9134764611969903E-005   0.0000000000000000     
   1.9412587427117965E-005   0.0000000000000000     
   1.9690410242266027E-005   0.0000000000000000     
   1.9968233057414089E-005   0.0000000000000000     
   2.0246055872562147E-005   0.0000000000000000     
   2.0523878687710209E-005   0.0000000000000000     
   2.0801701502858271E-005   0.0000000000000000     
   2.1079524318006332E-005   0.0000000000000000     
   2.1357347133154391E-005   0.0000000000000000     
   2.1635169948302452E-005   0.0000000000000000     
   2.1912992763450514E-005   0.0000000000000000     
   2.2190815578598573E-005   0.0000000000000000     
   2.2468638393746634E-005   0.0000000000000000     
   2.2746461208894696E-005   0.0000000000000000     
   2.3024284024042758E-005   0.0000000000000000     
   2.3302106839190816E-005   0.0000000000000000     
   2.3579929654338878E-005   0.0000000000000000     
   2.3857752469486940E-005   0.0000000000000000     
   2.4135575284635001E-005   0.0000000000000000     
   2.4413398099783060E-005   0.0000000000000000     
   2.4691220914931122E-005   0.0000000000000000     
   2.4969043730079183E-005   0.0000000000000000     
   2.5246866545227245E-005   0.0000000000000000     
   2.5667531615624819E-005   0.0000000000000000     
   2.6088196686022393E-005   0.0000000000000000     
   2.6508861756419968E-005   0.0000000000000000     
   2.6929526826817542E-005   0.0000000000000000     
   2.7350191897215116E-005   0.0000000000000000     
   2.7770856967612693E-005   0.0000000000000000     
   2.8191522038010268E-005   0.0000000000000000     
   2.8612187108407842E-005   0.0000000000000000     
   2.9032852178805416E-005   0.0000000000000000     
   2.9453517249202990E-005   0.0000000000000000     
   2.9874182319600568E-005   0.0000000000000000     
   3.0294847389998142E-005   0.0000000000000000     
   3.0715512460395719E-005   0.0000000000000000     
   3.1136177530793290E-005   0.0000000000000000     
   3.1556842601190868E-005   0.0000000000000000     
   3.1977507671588438E-005   0.0000000000000000     
   3.2398172741986016E-005   0.0000000000000000     
   3.2818837812383587E-005   0.0000000000000000     
   3.3239502882781164E-005   0.0000000000000000     
   3.3660167953178735E-005   0.0000000000000000     
   3.4080833023576306E-005   0.0000000000000000     
   3.4501498093973877E-005   0.0000000000000000     
   3.5141911565005643E-005   0.0000000000000000     
   3.5782325036037416E-005   0.0000000000000000     
   3.6422738507069183E-005   0.0000000000000000     
   3.7063151978100956E-005   0.0000000000000000     
   3.7703565449132722E-005   0.0000000000000000     
   3.8343978920164495E-005   0.0000000000000000     
   3.8984392391196262E-005   0.0000000000000000     
   3.9624805862228035E-005   0.0000000000000000     
   4.0265219333259801E-005   0.0000000000000000     
   4.0905632804291574E-005   0.0000000000000000     
   4.1546046275323341E-005   0.0000000000000000     
   4.2186459746355114E-005   0.0000000000000000     
   4.2826873217386880E-005   0.0000000000000000     
   4.3467286688418653E-005   0.0000000000000000     
   4.4107700159450420E-005   0.0000000000000000     
   4.4748113630482193E-005   0.0000000000000000     
   4.5388527101513959E-005   0.0000000000000000     
   4.6028940572545732E-005   0.0000000000000000     
   4.6669354043577499E-005   0.0000000000000000     
   4.7646368720061994E-005   0.0000000000000000     
   4.8623383396546497E-005   0.0000000000000000     
   4.9600398073030993E-005   0.0000000000000000     
   5.0577412749515488E-005   0.0000000000000000     
   5.1554427425999984E-005  -8.9754793437533432E-016
   5.2531442102484486E-005  -1.1544248153363832E-014
   5.3508456778968982E-005  -2.0838001812747496E-014
   5.4485471455453478E-005  -2.8992932636078295E-014
   5.5462486131937980E-005  -3.6109253485585450E-014
   5.6439500808422476E-005  -4.2300926316566692E-014
   5.7416515484906971E-005  -4.7684186893438304E-014
   5.8393530161391467E-005  -5.2360360421526230E-014
   5.9370544837875969E-005  -5.6412501693670670E-014
   6.0347559514360465E-005  -5.9911472358708780E-014
   6.1324574190844961E-005  -6.2921332969715937E-014
   6.2301588867329463E-005  -6.5500707282755482E-014
   6.3278603543813952E-005  -6.7702052614899974E-014
   6.4761187963110272E-005  -7.0420518409255244E-014
   6.6243772382406591E-005  -7.2507704418879292E-014
   6.7726356801702911E-005  -7.4076045475364903E-014
   6.9208941220999230E-005  -7.5218525404263560E-014
   7.0691525640295550E-005  -7.6011910894778677E-014
   7.2174110059591869E-005  -7.6520471506401731E-014
   7.3656694478888189E-005  -7.6797750360001432E-014
   7.5139278898184509E-005  -7.6887580739740905E-014
   7.6621863317480828E-005  -7.6825626596004701E-014
   7.8104447736777148E-005  -7.6641337174584783E-014
   7.9587032156073467E-005  -7.6359332114992983E-014
   8.1069616575369787E-005  -7.5999993377777548E-014
   8.3295836803162415E-005  -7.5350803733652294E-014
   8.5522057030955044E-005  -7.4608020703885213E-014
   8.7748277258747673E-005  -7.3803063209272955E-014
   8.9974497486540301E-005  -7.2959171603479429E-014
   9.2200717714332930E-005  -7.2094526076047420E-014
   9.4426937942125559E-005  -7.1222374498498978E-014
   9.7916463573613038E-005  -6.9861017516565878E-014
   1.0140598920510050E-004  -6.8524941012888001E-014
   1.0489551483658798E-004  -6.7222483402635973E-014
   1.0838504046807546E-004  -6.5956913849278018E-014
   1.1187456609956293E-004  -6.4732594073499615E-014
   1.1536409173105041E-004  -6.3552325316534183E-014
   1.1885361736253789E-004  -6.2413796926790136E-014
   1.2234314299402536E-004  -6.1312897983701946E-014
   1.2824217455747531E-004  -5.9530820880217982E-014
   1.3414120612092521E-004  -5.7837221297097915E-014
   1.4004023768437516E-004  -5.6223273387481147E-014
   1.4965966825005887E-004  -5.3740128948453590E-014
   1.5927909881574261E-004  -5.1417586715380086E-014
   1.6889852938142634E-004  -4.9235657905070434E-014
   1.7851795994711005E-004  -4.7177600707111316E-014
   1.9754007164391783E-004  -4.3427253458030766E-014
   2.1656218334072561E-004  -4.0046163818793204E-014
   2.3558429503753339E-004  -3.7013139066465590E-014
   2.5460640673434119E-004  -3.4288171108576498E-014
   2.8400437626364814E-004  -3.0591211004764551E-014
   3.1340234579295504E-004  -2.7459453630019551E-014
   3.5846007546940108E-004  -2.3547405713590197E-014
   4.0351780514584707E-004  -2.0558084625450752E-014
   4.4857553482229305E-004  -1.8290200795854229E-014
   4.9363326449873904E-004  -1.6564939207293872E-014
   5.3869099417518508E-004  -1.5275925116059098E-014
   5.8374872385163101E-004  -1.4321767440212714E-014
   6.2880645352807695E-004  -1.3635960782767585E-014
   6.7386418320452288E-004  -1.3171915029735941E-014
   7.4595238373828488E-004  -1.2792228502258035E-014
   8.1804058427204689E-004  -1.2740972114631011E-014
   8.9012878480580889E-004  -1.2931873152988994E-014
   9.6221698533957090E-004  -1.3226856097346258E-014
   1.0343051858733329E-003  -1.3766630474939380E-014
   1.1063933864070947E-003  -1.4340639603239555E-014
   1.2153596176734964E-003  -1.5450672166911020E-014
   1.3243258489398979E-003  -1.6776675715663598E-014
   1.4332920802062994E-003  -1.8345348862746820E-014
