 time, absolute coverage, alpha (fractional coverage), absolute coverage as sum(y(first_surf_spec:nspecies)), bulk abs. cov. by derivative, bult abs. cov. as sum of abundances
  1.0736414E-20  7.5360644E-10  0.0000000E+00  9.1200000E-07  0.0000000E+00  4.5590880E-03  1.3923664E-01
  2.7102331E-17  7.5360644E-10  0.0000000E+00  9.1200000E-07  0.0000000E+00  4.5590880E-03  1.3923664E-01
  1.3551165E-17  7.5360644E-10  0.0000000E+00  9.1200000E-07  0.0000000E+00  4.5590880E-03  1.3923664E-01
  3.0538443E-16  7.5360644E-10  0.0000000E+00  9.1200000E-07  0.0000000E+00  4.5590880E-03  1.3923664E-01
  2.0233049E-15  7.5360644E-10  0.0000000E+00  9.1200000E-07  0.0000000E+00  4.5590880E-03  1.3923664E-01
  6.4775347E-15  7.5360644E-10  0.0000000E+00  9.1200000E-07  0.0000000E+00  4.5590880E-03  1.3923664E-01
  2.4218227E-14  7.5360644E-10  0.0000000E+00  9.1200000E-07  0.0000000E+00  4.5590880E-03  1.3923664E-01
  1.6204135E-13  7.5360642E-10  0.0000000E+00  9.1200000E-07  0.0000000E+00  4.5590880E-03  1.3923664E-01
  1.5402726E-12  7.5360628E-10  0.0000000E+00  9.1200004E-07  0.0000000E+00  4.5590878E-03  1.3923665E-01
  1.5322585E-11  7.5360489E-10  0.0000000E+00  9.1200035E-07  0.0000000E+00  4.5590860E-03  1.3923669E-01
  1.1973867E-10  7.5359433E-10  0.0000000E+00  9.1200275E-07  0.0000000E+00  4.5590722E-03  1.3923706E-01
  2.2415476E-10  7.5358377E-10  0.0000000E+00  9.1200514E-07  0.0000000E+00  4.5590585E-03  1.3923743E-01
  1.2683156E-09  7.5347816E-10  0.0000000E+00  9.1202911E-07  0.0000000E+00  4.5589208E-03  1.3924108E-01
  5.5022075E-10  7.5355079E-10  0.0000000E+00  9.1201263E-07  0.0000000E+00  4.5590155E-03  1.3923857E-01
  8.7628675E-10  7.5351781E-10  0.0000000E+00  9.1202011E-07  0.0000000E+00  4.5589724E-03  1.3923971E-01
  1.2023527E-09  7.5348484E-10  0.0000000E+00  9.1202759E-07  0.0000000E+00  4.5589294E-03  1.3924085E-01
  1.5284187E-09  7.5345186E-10  0.0000000E+00  9.1203507E-07  0.0000000E+00  4.5588863E-03  1.3924200E-01
  2.2168806E-09  7.5338225E-10  0.0000000E+00  9.1205087E-07  0.0000000E+00  4.5587953E-03  1.3924441E-01
  3.4806637E-09  7.5325447E-10  0.0000000E+00  9.1207986E-07  0.0000000E+00  4.5586280E-03  1.3924883E-01
  5.8481671E-09  7.5301516E-10  0.0000000E+00  9.1213415E-07  0.0000000E+00  4.5583136E-03  1.3925712E-01
  9.9998445E-09  7.5259568E-10  0.0000000E+00  9.1222933E-07  0.0000000E+00  4.5577596E-03  1.3927165E-01
  1.4151522E-08  7.5217644E-10  0.0000000E+00  9.1232445E-07  0.0000000E+00  4.5572019E-03  1.3928618E-01
  1.8303199E-08  7.5175743E-10  0.0000000E+00  9.1241951E-07  0.0000000E+00  4.5566406E-03  1.3930069E-01
  2.2454877E-08  7.5133866E-10  0.0000000E+00  9.1251453E-07  0.0000000E+00  4.5560758E-03  1.3931520E-01
  2.9861515E-08  7.5059215E-10  0.0000000E+00  9.1268390E-07  0.0000000E+00  4.5550592E-03  1.3934105E-01
  3.7268154E-08  7.4984638E-10  0.0000000E+00  9.1285310E-07  0.0000000E+00  4.5540313E-03  1.3936689E-01
  4.4674792E-08  7.4910136E-10  0.0000000E+00  9.1302214E-07  0.0000000E+00  4.5529921E-03  1.3939269E-01
  5.2081430E-08  7.4835708E-10  0.0000000E+00  9.1319100E-07  0.0000000E+00  4.5519418E-03  1.3941847E-01
  5.9488069E-08  7.4761355E-10  0.0000000E+00  9.1335970E-07  0.0000000E+00  4.5508802E-03  1.3944423E-01
  7.2364623E-08  7.4632267E-10  0.0000000E+00  9.1365258E-07  0.0000000E+00  4.5490082E-03  1.3948894E-01
  8.5241177E-08  7.4503404E-10  0.0000000E+00  9.1394495E-07  0.0000000E+00  4.5471030E-03  1.3953358E-01
  9.8117731E-08  7.4374764E-10  0.0000000E+00  9.1423681E-07  0.0000000E+00  4.5451647E-03  1.3957814E-01
  1.1099429E-07  7.4246347E-10  0.0000000E+00  9.1452816E-07  0.0000000E+00  4.5431937E-03  1.3962262E-01
  1.2387084E-07  7.4118153E-10  0.0000000E+00  9.1481901E-07  0.0000000E+00  4.5411902E-03  1.3966702E-01
  1.4682414E-07  7.3890190E-10  0.0000000E+00  9.1533621E-07  0.0000000E+00  4.5375394E-03  1.3974599E-01
  1.6977743E-07  7.3662932E-10  0.0000000E+00  9.1585182E-07  0.0000000E+00  4.5337879E-03  1.3982470E-01
  1.9273073E-07  7.3436377E-10  0.0000000E+00  9.1636582E-07  0.0000000E+00  4.5299374E-03  1.3990318E-01
  2.1568402E-07  7.3210522E-10  0.0000000E+00  9.1687823E-07  0.0000000E+00  4.5259895E-03  1.3998141E-01
  2.3863732E-07  7.2985365E-10  0.0000000E+00  9.1738906E-07  0.0000000E+00  4.5219459E-03  1.4005940E-01
  2.7549584E-07  7.2625261E-10  0.0000000E+00  9.1820605E-07  0.0000000E+00  4.5152561E-03  1.4018413E-01
  3.1235435E-07  7.2266944E-10  0.0000000E+00  9.1901897E-07  0.0000000E+00  4.5083301E-03  1.4030824E-01
  3.4921287E-07  7.1910402E-10  0.0000000E+00  9.1982786E-07  0.0000000E+00  4.5011744E-03  1.4043173E-01
  3.8607139E-07  7.1555629E-10  0.0000000E+00  9.2063273E-07  0.0000000E+00  4.4937955E-03  1.4055462E-01
  4.2292991E-07  7.1202614E-10  0.0000000E+00  9.2143361E-07  0.0000000E+00  4.4862000E-03  1.4067689E-01
  4.5978843E-07  7.0851348E-10  0.0000000E+00  9.2223051E-07  0.0000000E+00  4.4783943E-03  1.4079855E-01
  4.9664695E-07  7.0501825E-10  0.0000000E+00  9.2302345E-07  0.0000000E+00  4.4703848E-03  1.4091961E-01
  5.3350546E-07  7.0154033E-10  0.0000000E+00  9.2381246E-07  0.0000000E+00  4.4621780E-03  1.4104007E-01
  5.7036398E-07  6.9807965E-10  0.0000000E+00  9.2459755E-07  0.0000000E+00  4.4537801E-03  1.4115993E-01
  6.0722250E-07  6.9463612E-10  0.0000000E+00  9.2537875E-07  0.0000000E+00  4.4451974E-03  1.4127920E-01
  6.4408102E-07  6.9120966E-10  0.0000000E+00  9.2615606E-07  0.0000000E+00  4.4364361E-03  1.4139787E-01
  6.8093954E-07  6.8780018E-10  0.0000000E+00  9.2692952E-07  0.0000000E+00  4.4275024E-03  1.4151596E-01
  7.3822290E-07  6.8253486E-10  0.0000000E+00  9.2812397E-07  0.0000000E+00  4.4132902E-03  1.4169832E-01
  7.9550627E-07  6.7731003E-10  0.0000000E+00  9.2930923E-07  0.0000000E+00  4.3986988E-03  1.4187927E-01
  8.5278964E-07  6.7212537E-10  0.0000000E+00  9.3048535E-07  0.0000000E+00  4.3837500E-03  1.4205883E-01
  9.1007301E-07  6.6698057E-10  0.0000000E+00  9.3165242E-07  0.0000000E+00  4.3684657E-03  1.4223701E-01
  9.6735637E-07  6.6187532E-10  0.0000000E+00  9.3281050E-07  0.0000000E+00  4.3528669E-03  1.4241382E-01
  1.0246397E-06  6.5680932E-10  0.0000000E+00  9.3395967E-07  0.0000000E+00  4.3369744E-03  1.4258926E-01
  1.0819231E-06  6.5178226E-10  0.0000000E+00  9.3509999E-07  0.0000000E+00  4.3208084E-03  1.4276336E-01
  1.1392065E-06  6.4679383E-10  0.0000000E+00  9.3623153E-07  0.0000000E+00  4.3043886E-03  1.4293611E-01
  1.1964898E-06  6.4184374E-10  0.0000000E+00  9.3735436E-07  0.0000000E+00  4.2877341E-03  1.4310754E-01
  1.2537732E-06  6.3693169E-10  0.0000000E+00  9.3846854E-07  0.0000000E+00  4.2708638E-03  1.4327764E-01
  1.3110566E-06  6.3205739E-10  0.0000000E+00  9.3957415E-07  0.0000000E+00  4.2537957E-03  1.4344644E-01
  1.3683399E-06  6.2722053E-10  0.0000000E+00  9.4067126E-07  0.0000000E+00  4.2365473E-03  1.4361393E-01
  1.4256233E-06  6.2242083E-10  0.0000000E+00  9.4175992E-07  0.0000000E+00  4.2191361E-03  1.4378014E-01
  1.4829067E-06  6.1765801E-10  0.0000000E+00  9.4284020E-07  0.0000000E+00  4.2015784E-03  1.4394507E-01
  1.5401900E-06  6.1293177E-10  0.0000000E+00  9.4391217E-07  0.0000000E+00  4.1838902E-03  1.4410873E-01
  1.5974734E-06  6.0824183E-10  0.0000000E+00  9.4497589E-07  0.0000000E+00  4.1660872E-03  1.4427113E-01
  1.6547568E-06  6.0358791E-10  0.0000000E+00  9.4603143E-07  0.0000000E+00  4.1481843E-03  1.4443228E-01
  1.7120401E-06  5.9896973E-10  0.0000000E+00  9.4707885E-07  0.0000000E+00  4.1301960E-03  1.4459219E-01
  1.7693235E-06  5.9438702E-10  0.0000000E+00  9.4811822E-07  0.0000000E+00  4.1121363E-03  1.4475087E-01
  1.8266069E-06  5.8983949E-10  0.0000000E+00  9.4914959E-07  0.0000000E+00  4.0940185E-03  1.4490833E-01
  1.8838902E-06  5.8532688E-10  0.0000000E+00  9.5017302E-07  0.0000000E+00  4.0758557E-03  1.4506458E-01
  1.9411736E-06  5.8084891E-10  0.0000000E+00  9.5118859E-07  0.0000000E+00  4.0576603E-03  1.4521963E-01
  1.9984570E-06  5.7640532E-10  0.0000000E+00  9.5219635E-07  0.0000000E+00  4.0394441E-03  1.4537349E-01
  2.0557404E-06  5.7199584E-10  0.0000000E+00  9.5319635E-07  0.0000000E+00  4.0212187E-03  1.4552616E-01
  2.1130237E-06  5.6762020E-10  0.0000000E+00  9.5418867E-07  0.0000000E+00  4.0029950E-03  1.4567766E-01
  2.1703071E-06  5.6327815E-10  0.0000000E+00  9.5517336E-07  0.0000000E+00  3.9847837E-03  1.4582799E-01
  2.2275905E-06  5.5896942E-10  0.0000000E+00  9.5615048E-07  0.0000000E+00  3.9665946E-03  1.4597717E-01
  2.2848738E-06  5.5469376E-10  0.0000000E+00  9.5712009E-07  0.0000000E+00  3.9484375E-03  1.4612520E-01
  2.3421572E-06  5.5045091E-10  0.0000000E+00  9.5808224E-07  0.0000000E+00  3.9303216E-03  1.4627210E-01
  2.3994406E-06  5.4624061E-10  0.0000000E+00  9.5903700E-07  0.0000000E+00  3.9122555E-03  1.4641786E-01
  2.4567239E-06  5.4206261E-10  0.0000000E+00  9.5998442E-07  0.0000000E+00  3.8942476E-03  1.4656251E-01
  2.5563381E-06  5.3487338E-10  0.0000000E+00  9.6161464E-07  0.0000000E+00  3.8630942E-03  1.4681140E-01
  2.6559523E-06  5.2777978E-10  0.0000000E+00  9.6322315E-07  0.0000000E+00  3.8321794E-03  1.4705697E-01
  2.7555665E-06  5.2078052E-10  0.0000000E+00  9.6481022E-07  0.0000000E+00  3.8015385E-03  1.4729927E-01
  2.8551807E-06  5.1387435E-10  0.0000000E+00  9.6637615E-07  0.0000000E+00  3.7712037E-03  1.4753834E-01
  2.9547949E-06  5.0706000E-10  0.0000000E+00  9.6792121E-07  0.0000000E+00  3.7412038E-03  1.4777423E-01
  3.0544091E-06  5.0033626E-10  0.0000000E+00  9.6944570E-07  0.0000000E+00  3.7115650E-03  1.4800698E-01
  3.1540233E-06  4.9370191E-10  0.0000000E+00  9.7094988E-07  0.0000000E+00  3.6823104E-03  1.4823662E-01
  3.2536375E-06  4.8715574E-10  0.0000000E+00  9.7243402E-07  0.0000000E+00  3.6534605E-03  1.4846321E-01
  3.3532516E-06  4.8069658E-10  0.0000000E+00  9.7389841E-07  0.0000000E+00  3.6250336E-03  1.4868678E-01
  3.4528658E-06  4.7432326E-10  0.0000000E+00  9.7534329E-07  0.0000000E+00  3.5970454E-03  1.4890737E-01
  3.5524800E-06  4.6803463E-10  0.0000000E+00  9.7676894E-07  0.0000000E+00  3.5695096E-03  1.4912503E-01
  3.6520942E-06  4.6182956E-10  0.0000000E+00  9.7817560E-07  0.0000000E+00  3.5424377E-03  1.4933979E-01
  3.7517084E-06  4.5570693E-10  0.0000000E+00  9.7956354E-07  0.0000000E+00  3.5158397E-03  1.4955169E-01
  3.8513226E-06  4.4966564E-10  0.0000000E+00  9.8093301E-07  0.0000000E+00  3.4897233E-03  1.4976076E-01
  3.9509368E-06  4.4370459E-10  0.0000000E+00  9.8228424E-07  0.0000000E+00  3.4640950E-03  1.4996706E-01
  4.0505510E-06  4.3782271E-10  0.0000000E+00  9.8361750E-07  0.0000000E+00  3.4389594E-03  1.5017061E-01
  4.0235604E-06  4.3940865E-10  0.0000000E+00  9.8325801E-07  0.0000000E+00  3.4457210E-03  1.5011573E-01
  4.0961841E-06  4.3515439E-10  0.0000000E+00  9.8422232E-07  0.0000000E+00  3.4276105E-03  1.5026295E-01
  4.1688078E-06  4.3094138E-10  0.0000000E+00  9.8517725E-07  0.0000000E+00  3.4097644E-03  1.5040874E-01
  4.2414314E-06  4.2676924E-10  0.0000000E+00  9.8612290E-07  0.0000000E+00  3.3921834E-03  1.5055312E-01
  4.3140551E-06  4.2263756E-10  0.0000000E+00  9.8705937E-07  0.0000000E+00  3.3748677E-03  1.5069609E-01
  4.3866787E-06  4.1854594E-10  0.0000000E+00  9.8798673E-07  0.0000000E+00  3.3578177E-03  1.5083767E-01
  4.4593024E-06  4.1449400E-10  0.0000000E+00  9.8890508E-07  0.0000000E+00  3.3410328E-03  1.5097787E-01
  4.5319260E-06  4.1048134E-10  0.0000000E+00  9.8981450E-07  0.0000000E+00  3.3245129E-03  1.5111672E-01
  4.5100487E-06  4.1168601E-10  0.0000000E+00  9.8954148E-07  0.0000000E+00  3.3294616E-03  1.5107504E-01
  4.5607951E-06  4.0889708E-10  0.0000000E+00  9.9017356E-07  0.0000000E+00  3.3180192E-03  1.5117154E-01
  4.6115414E-06  4.0612707E-10  0.0000000E+00  9.9080133E-07  0.0000000E+00  3.3067055E-03  1.5126738E-01
  4.6622878E-06  4.0337585E-10  0.0000000E+00  9.9142484E-07  0.0000000E+00  3.2955202E-03  1.5136257E-01
  4.7130341E-06  4.0064329E-10  0.0000000E+00  9.9204411E-07  0.0000000E+00  3.2844630E-03  1.5145712E-01
  4.6983782E-06  4.0143056E-10  0.0000000E+00  9.9186570E-07  0.0000000E+00  3.2876432E-03  1.5142988E-01
  4.7344686E-06  3.9949467E-10  0.0000000E+00  9.9230442E-07  0.0000000E+00  3.2798307E-03  1.5149686E-01
  4.7705591E-06  3.9756813E-10  0.0000000E+00  9.9274102E-07  0.0000000E+00  3.2720826E-03  1.5156351E-01
  4.8305577E-06  3.9438591E-10  0.0000000E+00  9.9346217E-07  0.0000000E+00  3.2593435E-03  1.5167361E-01
  4.8028677E-06  3.9585136E-10  0.0000000E+00  9.9313007E-07  0.0000000E+00  3.2652008E-03  1.5162291E-01
  4.8351763E-06  3.9414201E-10  0.0000000E+00  9.9351744E-07  0.0000000E+00  3.2583704E-03  1.5168205E-01
  4.8674849E-06  3.9244005E-10  0.0000000E+00  9.9390313E-07  0.0000000E+00  3.2515910E-03  1.5174094E-01
  4.9176876E-06  3.8981005E-10  0.0000000E+00  9.9449912E-07  0.0000000E+00  3.2411581E-03  1.5183193E-01
  4.9019380E-06  3.9063323E-10  0.0000000E+00  9.9431258E-07  0.0000000E+00  3.2444179E-03  1.5180345E-01
  4.9363911E-06  3.8883474E-10  0.0000000E+00  9.9472014E-07  0.0000000E+00  3.2373025E-03  1.5186567E-01
  4.9708443E-06  3.8704454E-10  0.0000000E+00  9.9512581E-07  0.0000000E+00  3.2302447E-03  1.5192760E-01
  5.0052974E-06  3.8526259E-10  0.0000000E+00  9.9552961E-07  0.0000000E+00  3.2232443E-03  1.5198925E-01
  5.0397505E-06  3.8348886E-10  0.0000000E+00  9.9593155E-07  0.0000000E+00  3.2163010E-03  1.5205062E-01
  5.0742036E-06  3.8172330E-10  0.0000000E+00  9.9633163E-07  0.0000000E+00  3.2094148E-03  1.5211170E-01
  5.0599899E-06  3.8245070E-10  0.0000000E+00  9.9616680E-07  0.0000000E+00  3.2122488E-03  1.5208653E-01
  5.0802292E-06  3.8141535E-10  0.0000000E+00  9.9640141E-07  0.0000000E+00  3.2082160E-03  1.5212235E-01
  5.0734308E-06  3.8176281E-10  0.0000000E+00  9.9632267E-07  0.0000000E+00  3.2095685E-03  1.5211033E-01
  5.0868716E-06  3.8107617E-10  0.0000000E+00  9.9647827E-07  0.0000000E+00  3.2068969E-03  1.5213409E-01
  5.1003125E-06  3.8039076E-10  0.0000000E+00  9.9663358E-07  0.0000000E+00  3.2042338E-03  1.5215780E-01
  5.1137534E-06  3.7970659E-10  0.0000000E+00  9.9678861E-07  0.0000000E+00  3.2015794E-03  1.5218147E-01
  5.1271943E-06  3.7902364E-10  0.0000000E+00  9.9694336E-07  0.0000000E+00  3.1989335E-03  1.5220509E-01
  5.1406352E-06  3.7834193E-10  0.0000000E+00  9.9709784E-07  0.0000000E+00  3.1962962E-03  1.5222868E-01
  5.1540761E-06  3.7766145E-10  0.0000000E+00  9.9725203E-07  0.0000000E+00  3.1936675E-03  1.5225222E-01
  5.1758537E-06  3.7656149E-10  0.0000000E+00  9.9750127E-07  0.0000000E+00  3.1894264E-03  1.5229027E-01
  5.1976313E-06  3.7546474E-10  0.0000000E+00  9.9774979E-07  0.0000000E+00  3.1852077E-03  1.5232821E-01
  5.2194089E-06  3.7437119E-10  0.0000000E+00  9.9799758E-07  0.0000000E+00  3.1810112E-03  1.5236604E-01
  5.2411865E-06  3.7328083E-10  0.0000000E+00  9.9824464E-07  0.0000000E+00  3.1768370E-03  1.5240376E-01
  5.2629641E-06  3.7219364E-10  0.0000000E+00  9.9849098E-07  0.0000000E+00  3.1726849E-03  1.5244137E-01
  5.2847417E-06  3.7110963E-10  0.0000000E+00  9.9873661E-07  0.0000000E+00  3.1685549E-03  1.5247887E-01
  5.3065193E-06  3.7002877E-10  0.0000000E+00  9.9898151E-07  0.0000000E+00  3.1644469E-03  1.5251626E-01
  5.3282969E-06  3.6895107E-10  0.0000000E+00  9.9922570E-07  0.0000000E+00  3.1603608E-03  1.5255354E-01
  5.3621357E-06  3.6728273E-10  0.0000000E+00  9.9960372E-07  0.0000000E+00  3.1540552E-03  1.5261125E-01
  5.3959745E-06  3.6562193E-10  0.0000000E+00  9.9998002E-07  0.0000000E+00  3.1478020E-03  1.5266870E-01
  5.4298134E-06  3.6396866E-10  0.0000000E+00  1.0003546E-06  0.0000000E+00  3.1416011E-03  1.5272589E-01
  5.4636522E-06  3.6232286E-10  0.0000000E+00  1.0007275E-06  0.0000000E+00  3.1354522E-03  1.5278282E-01
  5.5217289E-06  3.5951557E-10  0.0000000E+00  1.0013636E-06  0.0000000E+00  3.1250194E-03  1.5287993E-01
  5.5798057E-06  3.5673004E-10  0.0000000E+00  1.0019947E-06  0.0000000E+00  3.1147375E-03  1.5297628E-01
  5.6378825E-06  3.5396611E-10  0.0000000E+00  1.0026209E-06  0.0000000E+00  3.1046049E-03  1.5307189E-01
  5.6959593E-06  3.5122362E-10  0.0000000E+00  1.0032422E-06  0.0000000E+00  3.0946202E-03  1.5316675E-01
  5.7540360E-06  3.4850238E-10  0.0000000E+00  1.0038587E-06  0.0000000E+00  3.0847818E-03  1.5326087E-01
  5.8121128E-06  3.4580224E-10  0.0000000E+00  1.0044704E-06  0.0000000E+00  3.0750883E-03  1.5335426E-01
  5.8701896E-06  3.4312304E-10  0.0000000E+00  1.0050774E-06  0.0000000E+00  3.0655381E-03  1.5344693E-01
  5.9282663E-06  3.4046460E-10  0.0000000E+00  1.0056796E-06  0.0000000E+00  3.0561295E-03  1.5353887E-01
  5.9863431E-06  3.3782677E-10  0.0000000E+00  1.0062772E-06  0.0000000E+00  3.0468609E-03  1.5363010E-01
  6.0444199E-06  3.3520939E-10  0.0000000E+00  1.0068701E-06  0.0000000E+00  3.0377309E-03  1.5372062E-01
  6.1024967E-06  3.3261230E-10  0.0000000E+00  1.0074584E-06  0.0000000E+00  3.0287377E-03  1.5381044E-01
  6.1931202E-06  3.2859993E-10  0.0000000E+00  1.0083673E-06  0.0000000E+00  3.0149741E-03  1.5394920E-01
  6.2837437E-06  3.2463597E-10  0.0000000E+00  1.0092652E-06  0.0000000E+00  3.0015334E-03  1.5408628E-01
  6.3743672E-06  3.2071985E-10  0.0000000E+00  1.0101522E-06  0.0000000E+00  2.9884095E-03  1.5422171E-01
  6.4649908E-06  3.1685097E-10  0.0000000E+00  1.0110285E-06  0.0000000E+00  2.9755961E-03  1.5435549E-01
  6.5556143E-06  3.1302878E-10  0.0000000E+00  1.0118942E-06  0.0000000E+00  2.9630869E-03  1.5448766E-01
  6.6462378E-06  3.0925270E-10  0.0000000E+00  1.0127494E-06  0.0000000E+00  2.9508755E-03  1.5461823E-01
  6.7368613E-06  3.0552217E-10  0.0000000E+00  1.0135943E-06  0.0000000E+00  2.9389559E-03  1.5474722E-01
  6.8274848E-06  3.0183664E-10  0.0000000E+00  1.0144289E-06  0.0000000E+00  2.9273216E-03  1.5487465E-01
  6.9181084E-06  2.9819556E-10  0.0000000E+00  1.0152535E-06  0.0000000E+00  2.9159667E-03  1.5500053E-01
  7.0087319E-06  2.9459840E-10  0.0000000E+00  1.0160681E-06  0.0000000E+00  2.9048848E-03  1.5512490E-01
  7.0993554E-06  2.9104463E-10  0.0000000E+00  1.0168728E-06  0.0000000E+00  2.8940700E-03  1.5524776E-01
  7.1899789E-06  2.8753371E-10  0.0000000E+00  1.0176678E-06  0.0000000E+00  2.8835162E-03  1.5536913E-01
  7.2806024E-06  2.8406513E-10  0.0000000E+00  1.0184532E-06  0.0000000E+00  2.8732175E-03  1.5548904E-01
  7.3712260E-06  2.8063838E-10  0.0000000E+00  1.0192291E-06  0.0000000E+00  2.8631679E-03  1.5560750E-01
  7.4618495E-06  2.7725294E-10  0.0000000E+00  1.0199956E-06  0.0000000E+00  2.8533617E-03  1.5572452E-01
  7.5524730E-06  2.7390833E-10  0.0000000E+00  1.0207528E-06  0.0000000E+00  2.8437930E-03  1.5584013E-01
  7.6430965E-06  2.7060404E-10  0.0000000E+00  1.0215009E-06  0.0000000E+00  2.8344563E-03  1.5595434E-01
  7.7337200E-06  2.6733958E-10  0.0000000E+00  1.0222400E-06  0.0000000E+00  2.8253461E-03  1.5606717E-01
  7.8243436E-06  2.6411448E-10  0.0000000E+00  1.0229701E-06  0.0000000E+00  2.8164566E-03  1.5617863E-01
  7.9149671E-06  2.6092825E-10  0.0000000E+00  1.0236913E-06  0.0000000E+00  2.8077827E-03  1.5628875E-01
  7.8827500E-06  2.6205655E-10  0.0000000E+00  1.0234359E-06  0.0000000E+00  2.8108420E-03  1.5624976E-01
  7.9411564E-06  2.6001464E-10  0.0000000E+00  1.0238981E-06  0.0000000E+00  2.8053155E-03  1.5632033E-01
  7.9995629E-06  2.5798863E-10  0.0000000E+00  1.0243567E-06  0.0000000E+00  2.7998757E-03  1.5639034E-01
  7.9786749E-06  2.5871137E-10  0.0000000E+00  1.0241931E-06  0.0000000E+00  2.8018113E-03  1.5636536E-01
  8.0161934E-06  2.5741463E-10  0.0000000E+00  1.0244867E-06  0.0000000E+00  2.7983423E-03  1.5641018E-01
  8.0537119E-06  2.5612439E-10  0.0000000E+00  1.0247787E-06  0.0000000E+00  2.7949085E-03  1.5645477E-01
  8.0912303E-06  2.5484060E-10  0.0000000E+00  1.0250693E-06  0.0000000E+00  2.7915094E-03  1.5649913E-01
  8.1287488E-06  2.5356325E-10  0.0000000E+00  1.0253584E-06  0.0000000E+00  2.7881446E-03  1.5654327E-01
  8.1662673E-06  2.5229229E-10  0.0000000E+00  1.0256461E-06  0.0000000E+00  2.7848136E-03  1.5658719E-01
  8.2037858E-06  2.5102769E-10  0.0000000E+00  1.0259323E-06  0.0000000E+00  2.7815164E-03  1.5663089E-01
  8.2413043E-06  2.4976943E-10  0.0000000E+00  1.0262171E-06  0.0000000E+00  2.7782525E-03  1.5667437E-01
  8.2273511E-06  2.5023664E-10  0.0000000E+00  1.0261114E-06  0.0000000E+00  2.7794624E-03  1.5665823E-01
  8.2509164E-06  2.4944808E-10  0.0000000E+00  1.0262899E-06  0.0000000E+00  2.7774214E-03  1.5668547E-01
  8.2744817E-06  2.4866200E-10  0.0000000E+00  1.0264678E-06  0.0000000E+00  2.7753934E-03  1.5671264E-01
  8.2980471E-06  2.4787840E-10  0.0000000E+00  1.0266451E-06  0.0000000E+00  2.7733783E-03  1.5673971E-01
  8.3216124E-06  2.4709726E-10  0.0000000E+00  1.0268219E-06  0.0000000E+00  2.7713758E-03  1.5676670E-01
  8.3451777E-06  2.4631858E-10  0.0000000E+00  1.0269982E-06  0.0000000E+00  2.7693861E-03  1.5679361E-01
  8.3687430E-06  2.4554236E-10  0.0000000E+00  1.0271738E-06  0.0000000E+00  2.7674090E-03  1.5682043E-01
  8.3923083E-06  2.4476857E-10  0.0000000E+00  1.0273490E-06  0.0000000E+00  2.7654444E-03  1.5684717E-01
  8.4320468E-06  2.4346924E-10  0.0000000E+00  1.0276430E-06  0.0000000E+00  2.7621596E-03  1.5689206E-01
  8.4717852E-06  2.4217681E-10  0.0000000E+00  1.0279355E-06  0.0000000E+00  2.7589098E-03  1.5693672E-01
  8.5115236E-06  2.4089122E-10  0.0000000E+00  1.0282264E-06  0.0000000E+00  2.7556946E-03  1.5698114E-01
  8.5726490E-06  2.3892703E-10  0.0000000E+00  1.0286709E-06  0.0000000E+00  2.7508155E-03  1.5704900E-01
  8.6790844E-06  2.3554496E-10  0.0000000E+00  1.0294363E-06  0.0000000E+00  2.7425086E-03  1.5716585E-01
  8.7855198E-06  2.3221071E-10  0.0000000E+00  1.0301908E-06  0.0000000E+00  2.7344353E-03  1.5728104E-01
  8.8919552E-06  2.2892358E-10  0.0000000E+00  1.0309346E-06  0.0000000E+00  2.7265887E-03  1.5739459E-01
  9.0574077E-06  2.2390578E-10  0.0000000E+00  1.0320699E-06  0.0000000E+00  2.7148250E-03  1.5756792E-01
  9.2228602E-06  2.1899779E-10  0.0000000E+00  1.0331803E-06  0.0000000E+00  2.7035673E-03  1.5773744E-01
  9.3883128E-06  2.1419720E-10  0.0000000E+00  1.0342662E-06  0.0000000E+00  2.6927916E-03  1.5790324E-01
  9.5537653E-06  2.0950165E-10  0.0000000E+00  1.0353284E-06  0.0000000E+00  2.6824750E-03  1.5806540E-01
  9.7192179E-06  2.0490883E-10  0.0000000E+00  1.0363672E-06  0.0000000E+00  2.6725956E-03  1.5822400E-01
  9.8846704E-06  2.0041649E-10  0.0000000E+00  1.0373832E-06  0.0000000E+00  2.6631325E-03  1.5837911E-01
  1.0050123E-05  1.9602242E-10  0.0000000E+00  1.0383769E-06  0.0000000E+00  2.6540656E-03  1.5853082E-01
  1.0215576E-05  1.9172447E-10  0.0000000E+00  1.0393487E-06  0.0000000E+00  2.6453759E-03  1.5867920E-01
  1.0381028E-05  1.8752052E-10  0.0000000E+00  1.0402992E-06  0.0000000E+00  2.6370452E-03  1.5882431E-01
  1.0546481E-05  1.8340852E-10  0.0000000E+00  1.0412289E-06  0.0000000E+00  2.6290563E-03  1.5896624E-01
  1.0711933E-05  1.7938644E-10  0.0000000E+00  1.0421381E-06  0.0000000E+00  2.6213926E-03  1.5910505E-01
  1.0877386E-05  1.7545232E-10  0.0000000E+00  1.0430273E-06  0.0000000E+00  2.6140385E-03  1.5924081E-01
  1.1042838E-05  1.7160423E-10  0.0000000E+00  1.0438970E-06  0.0000000E+00  2.6069791E-03  1.5937360E-01
  1.1208291E-05  1.6784027E-10  0.0000000E+00  1.0447477E-06  0.0000000E+00  2.6002001E-03  1.5950346E-01
  1.1373743E-05  1.6415860E-10  0.0000000E+00  1.0455796E-06  0.0000000E+00  2.5936884E-03  1.5963047E-01
  1.1312832E-05  1.6550456E-10  0.0000000E+00  1.0452754E-06  0.0000000E+00  2.5960555E-03  1.5958404E-01
  1.1229199E-05  1.6737051E-10  0.0000000E+00  1.0448538E-06  0.0000000E+00  2.5993628E-03  1.5951967E-01
  1.1250107E-05  1.6690207E-10  0.0000000E+00  1.0449597E-06  0.0000000E+00  2.5985296E-03  1.5953583E-01
  1.1271015E-05  1.6643493E-10  0.0000000E+00  1.0450652E-06  0.0000000E+00  2.5977007E-03  1.5955194E-01
  1.1291923E-05  1.6596909E-10  0.0000000E+00  1.0451705E-06  0.0000000E+00  2.5968760E-03  1.5956801E-01
  1.1312832E-05  1.6550456E-10  0.0000000E+00  1.0452754E-06  0.0000000E+00  2.5960553E-03  1.5958404E-01
  1.1333740E-05  1.6504132E-10  0.0000000E+00  1.0453801E-06  0.0000000E+00  2.5952389E-03  1.5960002E-01
  1.1354648E-05  1.6457937E-10  0.0000000E+00  1.0454845E-06  0.0000000E+00  2.5944265E-03  1.5961595E-01
  1.1388644E-05  1.6383101E-10  0.0000000E+00  1.0456536E-06  0.0000000E+00  2.5931144E-03  1.5964177E-01
  1.1422640E-05  1.6308605E-10  0.0000000E+00  1.0458219E-06  0.0000000E+00  2.5918129E-03  1.5966747E-01
  1.1456636E-05  1.6234445E-10  0.0000000E+00  1.0459895E-06  0.0000000E+00  2.5905220E-03  1.5969305E-01
  1.1490632E-05  1.6160622E-10  0.0000000E+00  1.0461563E-06  0.0000000E+00  2.5892416E-03  1.5971851E-01
  1.1548321E-05  1.6036113E-10  0.0000000E+00  1.0464376E-06  0.0000000E+00  2.5870924E-03  1.5976146E-01
  1.1606010E-05  1.5912559E-10  0.0000000E+00  1.0467167E-06  0.0000000E+00  2.5849726E-03  1.5980408E-01
  1.1663699E-05  1.5789954E-10  0.0000000E+00  1.0469937E-06  0.0000000E+00  2.5828816E-03  1.5984636E-01
  1.1721389E-05  1.5668290E-10  0.0000000E+00  1.0472685E-06  0.0000000E+00  2.5808192E-03  1.5988832E-01
  1.1699563E-05  1.5714210E-10  0.0000000E+00  1.0471648E-06  0.0000000E+00  2.5815962E-03  1.5987249E-01
  1.1735426E-05  1.5638828E-10  0.0000000E+00  1.0473351E-06  0.0000000E+00  2.5803214E-03  1.5989849E-01
  1.1771289E-05  1.5563806E-10  0.0000000E+00  1.0475045E-06  0.0000000E+00  2.5790574E-03  1.5992436E-01
  1.1807153E-05  1.5489143E-10  0.0000000E+00  1.0476732E-06  0.0000000E+00  2.5778042E-03  1.5995011E-01
  1.1792656E-05  1.5519280E-10  0.0000000E+00  1.0476051E-06  0.0000000E+00  2.5783095E-03  1.5993971E-01
  1.1814023E-05  1.5474880E-10  0.0000000E+00  1.0477054E-06  0.0000000E+00  2.5775651E-03  1.5995503E-01
  1.1835390E-05  1.5430607E-10  0.0000000E+00  1.0478054E-06  0.0000000E+00  2.5768247E-03  1.5997029E-01
  1.1856757E-05  1.5386460E-10  0.0000000E+00  1.0479051E-06  0.0000000E+00  2.5760880E-03  1.5998552E-01
  1.1847562E-05  1.5405443E-10  0.0000000E+00  1.0478623E-06  0.0000000E+00  2.5764046E-03  1.5997897E-01
  1.1859734E-05  1.5380320E-10  0.0000000E+00  1.0479190E-06  0.0000000E+00  2.5759855E-03  1.5998764E-01
  1.1855770E-05  1.5388496E-10  0.0000000E+00  1.0479005E-06  0.0000000E+00  2.5761218E-03  1.5998482E-01
  1.1863979E-05  1.5371568E-10  0.0000000E+00  1.0479388E-06  0.0000000E+00  2.5758397E-03  1.5999065E-01
  1.1872187E-05  1.5354658E-10  0.0000000E+00  1.0479770E-06  0.0000000E+00  2.5755581E-03  1.5999649E-01
  1.1869613E-05  1.5359959E-10  0.0000000E+00  1.0479650E-06  0.0000000E+00  2.5756464E-03  1.5999466E-01
  1.1875247E-05  1.5348359E-10  0.0000000E+00  1.0479912E-06  0.0000000E+00  2.5754532E-03  1.5999866E-01
  1.1880881E-05  1.5336768E-10  0.0000000E+00  1.0480174E-06  0.0000000E+00  2.5752604E-03  1.6000265E-01
  1.1886515E-05  1.5325186E-10  0.0000000E+00  1.0480435E-06  0.0000000E+00  2.5750679E-03  1.6000665E-01
  1.1884602E-05  1.5329118E-10  0.0000000E+00  1.0480347E-06  0.0000000E+00  2.5751332E-03  1.6000529E-01
  1.1888323E-05  1.5321471E-10  0.0000000E+00  1.0480519E-06  0.0000000E+00  2.5750061E-03  1.6000793E-01
  1.1892044E-05  1.5313828E-10  0.0000000E+00  1.0480692E-06  0.0000000E+00  2.5748791E-03  1.6001057E-01
  1.1895765E-05  1.5306189E-10  0.0000000E+00  1.0480865E-06  0.0000000E+00  2.5747522E-03  1.6001320E-01
  1.1899486E-05  1.5298553E-10  0.0000000E+00  1.0481037E-06  0.0000000E+00  2.5746254E-03  1.6001583E-01
  1.1905305E-05  1.5286620E-10  0.0000000E+00  1.0481307E-06  0.0000000E+00  2.5744274E-03  1.6001995E-01
  1.1911125E-05  1.5274696E-10  0.0000000E+00  1.0481576E-06  0.0000000E+00  2.5742296E-03  1.6002406E-01
  1.1916944E-05  1.5262781E-10  0.0000000E+00  1.0481845E-06  0.0000000E+00  2.5740320E-03  1.6002817E-01
  1.1922763E-05  1.5250875E-10  0.0000000E+00  1.0482114E-06  0.0000000E+00  2.5738348E-03  1.6003227E-01
  1.1931686E-05  1.5232638E-10  0.0000000E+00  1.0482526E-06  0.0000000E+00  2.5735329E-03  1.6003856E-01
  1.1945825E-05  1.5203785E-10  0.0000000E+00  1.0483178E-06  0.0000000E+00  2.5730557E-03  1.6004851E-01
  1.1959964E-05  1.5174986E-10  0.0000000E+00  1.0483828E-06  0.0000000E+00  2.5725801E-03  1.6005844E-01
  1.1974103E-05  1.5146241E-10  0.0000000E+00  1.0484477E-06  0.0000000E+00  2.5721061E-03  1.6006835E-01
  1.1988242E-05  1.5117550E-10  0.0000000E+00  1.0485125E-06  0.0000000E+00  2.5716336E-03  1.6007825E-01
  1.2017995E-05  1.5057353E-10  0.0000000E+00  1.0486485E-06  0.0000000E+00  2.5706445E-03  1.6009900E-01
  1.2065405E-05  1.4961924E-10  0.0000000E+00  1.0488640E-06  0.0000000E+00  2.5690823E-03  1.6013191E-01
  1.2112815E-05  1.4867098E-10  0.0000000E+00  1.0490782E-06  0.0000000E+00  2.5675371E-03  1.6016460E-01
  1.2160224E-05  1.4772870E-10  0.0000000E+00  1.0492910E-06  0.0000000E+00  2.5660088E-03  1.6019709E-01
  1.2207634E-05  1.4679238E-10  0.0000000E+00  1.0495024E-06  0.0000000E+00  2.5644970E-03  1.6022937E-01
  1.2255044E-05  1.4586196E-10  0.0000000E+00  1.0497125E-06  0.0000000E+00  2.5630015E-03  1.6026145E-01
  1.2302454E-05  1.4493742E-10  0.0000000E+00  1.0499213E-06  0.0000000E+00  2.5615221E-03  1.6029332E-01
  1.2395073E-05  1.4314804E-10  0.0000000E+00  1.0503253E-06  0.0000000E+00  2.5586776E-03  1.6035501E-01
  1.2487692E-05  1.4138067E-10  0.0000000E+00  1.0507244E-06  0.0000000E+00  2.5558921E-03  1.6041593E-01
  1.2580311E-05  1.3963502E-10  0.0000000E+00  1.0511185E-06  0.0000000E+00  2.5531641E-03  1.6047610E-01
  1.2672930E-05  1.3791084E-10  0.0000000E+00  1.0515077E-06  0.0000000E+00  2.5504920E-03  1.6053553E-01
  1.2765549E-05  1.3620784E-10  0.0000000E+00  1.0518921E-06  0.0000000E+00  2.5478744E-03  1.6059422E-01
  1.2858168E-05  1.3452578E-10  0.0000000E+00  1.0522718E-06  0.0000000E+00  2.5453098E-03  1.6065218E-01
  1.2950787E-05  1.3286440E-10  0.0000000E+00  1.0526468E-06  0.0000000E+00  2.5427968E-03  1.6070943E-01
  1.3043406E-05  1.3122343E-10  0.0000000E+00  1.0530171E-06  0.0000000E+00  2.5403342E-03  1.6076597E-01
  1.3190223E-05  1.2866344E-10  0.0000000E+00  1.0535948E-06  0.0000000E+00  2.5365303E-03  1.6085417E-01
  1.3337041E-05  1.2615314E-10  0.0000000E+00  1.0541612E-06  0.0000000E+00  2.5328446E-03  1.6094064E-01
  1.3483859E-05  1.2369157E-10  0.0000000E+00  1.0547166E-06  0.0000000E+00  2.5292722E-03  1.6102543E-01
  1.3630677E-05  1.2127778E-10  0.0000000E+00  1.0552611E-06  0.0000000E+00  2.5258086E-03  1.6110856E-01
  1.3777494E-05  1.1891085E-10  0.0000000E+00  1.0557949E-06  0.0000000E+00  2.5224494E-03  1.6119006E-01
  1.3924312E-05  1.1658986E-10  0.0000000E+00  1.0563183E-06  0.0000000E+00  2.5191905E-03  1.6126998E-01
  1.4071130E-05  1.1431391E-10  0.0000000E+00  1.0568315E-06  0.0000000E+00  2.5160279E-03  1.6134833E-01
  1.4217948E-05  1.1208214E-10  0.0000000E+00  1.0573347E-06  0.0000000E+00  2.5129580E-03  1.6142515E-01
  1.4364765E-05  1.0989368E-10  0.0000000E+00  1.0578281E-06  0.0000000E+00  2.5099770E-03  1.6150047E-01
  1.4609378E-05  1.0634141E-10  0.0000000E+00  1.0586287E-06  0.0000000E+00  2.5051987E-03  1.6162270E-01
  1.4853991E-05  1.0290325E-10  0.0000000E+00  1.0594034E-06  0.0000000E+00  2.5006430E-03  1.6174098E-01
  1.4779594E-05  1.0393708E-10  0.0000000E+00  1.0591705E-06  0.0000000E+00  2.5020058E-03  1.6170542E-01
  1.4949810E-05  1.0158675E-10  0.0000000E+00  1.0597000E-06  0.0000000E+00  2.4989160E-03  1.6178626E-01
  1.5120026E-05  9.9289220E-11  0.0000000E+00  1.0602175E-06  0.0000000E+00  2.4959248E-03  1.6186527E-01
  1.5290243E-05  9.7043292E-11  0.0000000E+00  1.0607234E-06  0.0000000E+00  2.4930280E-03  1.6194250E-01
  1.5460459E-05  9.4847808E-11  0.0000000E+00  1.0612177E-06  0.0000000E+00  2.4902216E-03  1.6201797E-01
  1.5630675E-05  9.2701632E-11  0.0000000E+00  1.0617009E-06  0.0000000E+00  2.4875018E-03  1.6209174E-01
  1.5800891E-05  9.0603655E-11  0.0000000E+00  1.0621731E-06  0.0000000E+00  2.4848650E-03  1.6216384E-01
  1.6078714E-05  8.7280113E-11  0.0000000E+00  1.0629210E-06  0.0000000E+00  2.4807308E-03  1.6227802E-01
  1.6356536E-05  8.4077519E-11  0.0000000E+00  1.0636415E-06  0.0000000E+00  2.4767948E-03  1.6238801E-01
  1.6634359E-05  8.0991467E-11  0.0000000E+00  1.0643355E-06  0.0000000E+00  2.4730445E-03  1.6249396E-01
  1.6912182E-05  7.8017711E-11  0.0000000E+00  1.0650040E-06  0.0000000E+00  2.4694682E-03  1.6259602E-01
  1.7190005E-05  7.5152158E-11  0.0000000E+00  1.0656479E-06  0.0000000E+00  2.4660551E-03  1.6269433E-01
  1.7467828E-05  7.2390866E-11  0.0000000E+00  1.0662681E-06  0.0000000E+00  2.4627955E-03  1.6278903E-01
  1.7745651E-05  6.9730038E-11  0.0000000E+00  1.0668656E-06  0.0000000E+00  2.4596802E-03  1.6288024E-01
  1.8023473E-05  6.7166014E-11  0.0000000E+00  1.0674410E-06  0.0000000E+00  2.4567010E-03  1.6296810E-01
  1.8301296E-05  6.4695269E-11  0.0000000E+00  1.0679953E-06  0.0000000E+00  2.4538501E-03  1.6305272E-01
  1.8579119E-05  6.2314405E-11  0.0000000E+00  1.0685292E-06  0.0000000E+00  2.4511203E-03  1.6313423E-01
  1.8856942E-05  6.0020149E-11  0.0000000E+00  1.0690434E-06  0.0000000E+00  2.4485051E-03  1.6321274E-01
  1.9134765E-05  5.7809348E-11  0.0000000E+00  1.0695387E-06  0.0000000E+00  2.4459984E-03  1.6328835E-01
  1.9412587E-05  5.5678962E-11  0.0000000E+00  1.0700157E-06  0.0000000E+00  2.4435946E-03  1.6336118E-01
  1.9690410E-05  5.3626065E-11  0.0000000E+00  1.0704751E-06  0.0000000E+00  2.4412883E-03  1.6343132E-01
  1.9968233E-05  5.1647835E-11  0.0000000E+00  1.0709176E-06  0.0000000E+00  2.4390748E-03  1.6349887E-01
  2.0246056E-05  4.9741555E-11  0.0000000E+00  1.0713437E-06  0.0000000E+00  2.4369494E-03  1.6356393E-01
  2.0523879E-05  4.7904604E-11  0.0000000E+00  1.0717541E-06  0.0000000E+00  2.4349079E-03  1.6362659E-01
  2.0801702E-05  4.6134460E-11  0.0000000E+00  1.0721494E-06  0.0000000E+00  2.4329465E-03  1.6368693E-01
  2.1079524E-05  4.4428692E-11  0.0000000E+00  1.0725300E-06  0.0000000E+00  2.4310613E-03  1.6374504E-01
  2.1357347E-05  4.2784955E-11  0.0000000E+00  1.0728965E-06  0.0000000E+00  2.4292489E-03  1.6380100E-01
  2.1635170E-05  4.1200994E-11  0.0000000E+00  1.0732495E-06  0.0000000E+00  2.4275060E-03  1.6385488E-01
  2.1912993E-05  3.9674632E-11  0.0000000E+00  1.0735894E-06  0.0000000E+00  2.4258297E-03  1.6390678E-01
  2.2190816E-05  3.8203774E-11  0.0000000E+00  1.0739167E-06  0.0000000E+00  2.4242171E-03  1.6395674E-01
  2.2468638E-05  3.6786400E-11  0.0000000E+00  1.0742318E-06  0.0000000E+00  2.4226654E-03  1.6400486E-01
  2.2746461E-05  3.5420564E-11  0.0000000E+00  1.0745353E-06  0.0000000E+00  2.4211721E-03  1.6405118E-01
  2.3024284E-05  3.4104391E-11  0.0000000E+00  1.0748274E-06  0.0000000E+00  2.4197348E-03  1.6409579E-01
  2.3302107E-05  3.2836074E-11  0.0000000E+00  1.0751087E-06  0.0000000E+00  2.4183512E-03  1.6413874E-01
  2.3579930E-05  3.1613873E-11  0.0000000E+00  1.0753796E-06  0.0000000E+00  2.4170191E-03  1.6418009E-01
  2.3857752E-05  3.0436109E-11  0.0000000E+00  1.0756403E-06  0.0000000E+00  2.4157366E-03  1.6421990E-01
  2.4135575E-05  2.9301166E-11  0.0000000E+00  1.0758914E-06  0.0000000E+00  2.4145017E-03  1.6425822E-01
  2.4413398E-05  2.8207486E-11  0.0000000E+00  1.0761330E-06  0.0000000E+00  2.4133125E-03  1.6429512E-01
  2.4691221E-05  2.7153569E-11  0.0000000E+00  1.0763657E-06  0.0000000E+00  2.4121673E-03  1.6433063E-01
  2.4969044E-05  2.6137968E-11  0.0000000E+00  1.0765896E-06  0.0000000E+00  2.4110644E-03  1.6436482E-01
  2.5246867E-05  2.5159290E-11  0.0000000E+00  1.0768051E-06  0.0000000E+00  2.4100022E-03  1.6439773E-01
  2.5667532E-05  2.3744724E-11  0.0000000E+00  1.0771162E-06  0.0000000E+00  2.4084680E-03  1.6444523E-01
  2.6088197E-05  2.2407291E-11  0.0000000E+00  1.0774098E-06  0.0000000E+00  2.4070186E-03  1.6449005E-01
  2.6508862E-05  2.1142783E-11  0.0000000E+00  1.0776869E-06  0.0000000E+00  2.4056494E-03  1.6453235E-01
  2.6929527E-05  1.9947225E-11  0.0000000E+00  1.0779483E-06  0.0000000E+00  2.4043559E-03  1.6457225E-01
  2.7350192E-05  1.8816854E-11  0.0000000E+00  1.0781948E-06  0.0000000E+00  2.4031341E-03  1.6460990E-01
  2.7770857E-05  1.7748115E-11  0.0000000E+00  1.0784274E-06  0.0000000E+00  2.4019801E-03  1.6464541E-01
  2.8191522E-05  1.6737646E-11  0.0000000E+00  1.0786468E-06  0.0000000E+00  2.4008902E-03  1.6467890E-01
  2.8612187E-05  1.5782270E-11  0.0000000E+00  1.0788537E-06  0.0000000E+00  2.3998609E-03  1.6471048E-01
  2.9032852E-05  1.4878982E-11  0.0000000E+00  1.0790487E-06  0.0000000E+00  2.3988890E-03  1.6474026E-01
  2.9453517E-05  1.4024942E-11  0.0000000E+00  1.0792326E-06  0.0000000E+00  2.3979715E-03  1.6476833E-01
  2.9874182E-05  1.3217463E-11  0.0000000E+00  1.0794058E-06  0.0000000E+00  2.3971054E-03  1.6479478E-01
  3.0294847E-05  1.2454008E-11  0.0000000E+00  1.0795691E-06  0.0000000E+00  2.3962880E-03  1.6481971E-01
  3.0715512E-05  1.1732175E-11  0.0000000E+00  1.0797230E-06  0.0000000E+00  2.3955166E-03  1.6484320E-01
  3.1136178E-05  1.1049695E-11  0.0000000E+00  1.0798679E-06  0.0000000E+00  2.3947889E-03  1.6486533E-01
  3.1556843E-05  1.0404421E-11  0.0000000E+00  1.0800043E-06  0.0000000E+00  2.3941024E-03  1.6488616E-01
  3.1977508E-05  9.7943260E-12  0.0000000E+00  1.0801328E-06  0.0000000E+00  2.3934549E-03  1.6490577E-01
  3.2398173E-05  9.2174910E-12  0.0000000E+00  1.0802537E-06  0.0000000E+00  2.3928444E-03  1.6492424E-01
  3.2818838E-05  8.6721025E-12  0.0000000E+00  1.0803675E-06  0.0000000E+00  2.3922687E-03  1.6494161E-01
  3.3239503E-05  8.1564462E-12  0.0000000E+00  1.0804746E-06  0.0000000E+00  2.3917262E-03  1.6495795E-01
  3.3660168E-05  7.6689009E-12  0.0000000E+00  1.0805752E-06  0.0000000E+00  2.3912148E-03  1.6497332E-01
  3.4080833E-05  7.2079340E-12  0.0000000E+00  1.0806699E-06  0.0000000E+00  2.3907330E-03  1.6498776E-01
  3.4501498E-05  6.7720964E-12  0.0000000E+00  1.0807588E-06  0.0000000E+00  2.3902792E-03  1.6500134E-01
  3.5141912E-05  6.1537663E-12  0.0000000E+00  1.0808839E-06  0.0000000E+00  2.3896384E-03  1.6502044E-01
  3.5782325E-05  5.5860138E-12  0.0000000E+00  1.0809975E-06  0.0000000E+00  2.3890537E-03  1.6503779E-01
  3.6422739E-05  5.0647029E-12  0.0000000E+00  1.0811006E-06  0.0000000E+00  2.3885205E-03  1.6505353E-01
  3.7063152E-05  4.5860356E-12  0.0000000E+00  1.0811940E-06  0.0000000E+00  2.3880344E-03  1.6506779E-01
  3.7703565E-05  4.1465230E-12  0.0000000E+00  1.0812785E-06  0.0000000E+00  2.3875915E-03  1.6508069E-01
  3.8343979E-05  3.7429607E-12  0.0000000E+00  1.0813549E-06  0.0000000E+00  2.3871881E-03  1.6509235E-01
  3.8984392E-05  3.3724078E-12  0.0000000E+00  1.0814238E-06  0.0000000E+00  2.3868209E-03  1.6510286E-01
  3.9624806E-05  3.0321649E-12  0.0000000E+00  1.0814857E-06  0.0000000E+00  2.3864867E-03  1.6511233E-01
  4.0265219E-05  2.7197532E-12  0.0000000E+00  1.0815414E-06  0.0000000E+00  2.3861828E-03  1.6512083E-01
  4.0905633E-05  2.4328959E-12  0.0000000E+00  1.0815913E-06  0.0000000E+00  2.3859065E-03  1.6512844E-01
  4.1546046E-05  2.1695027E-12  0.0000000E+00  1.0816358E-06  0.0000000E+00  2.3856554E-03  1.6513524E-01
  4.2186460E-05  1.9276541E-12  0.0000000E+00  1.0816755E-06  0.0000000E+00  2.3854272E-03  1.6514129E-01
  4.2826873E-05  1.7055882E-12  0.0000000E+00  1.0817106E-06  0.0000000E+00  2.3852201E-03  1.6514666E-01
  4.3467287E-05  1.5016869E-12  0.0000000E+00  1.0817417E-06  0.0000000E+00  2.3850321E-03  1.6515140E-01
  4.4107700E-05  1.3144645E-12  0.0000000E+00  1.0817689E-06  0.0000000E+00  2.3848616E-03  1.6515556E-01
  4.4748114E-05  1.1425566E-12  0.0000000E+00  1.0817927E-06  0.0000000E+00  2.3847069E-03  1.6515919E-01
  4.5388527E-05  9.8471068E-13  0.0000000E+00  1.0818133E-06  0.0000000E+00  2.3845667E-03  1.6516233E-01
  4.6028941E-05  8.3977663E-13  0.0000000E+00  1.0818309E-06  0.0000000E+00  2.3844396E-03  1.6516502E-01
  4.6669354E-05  7.0669838E-13  0.0000000E+00  1.0818459E-06  0.0000000E+00  2.3843245E-03  1.6516731E-01
  4.7646369E-05  5.2434160E-13  0.0000000E+00  1.0818640E-06  0.0000000E+00  2.3841695E-03  1.6517008E-01
  4.8623383E-05  3.6424469E-13  0.0000000E+00  1.0818771E-06  0.0000000E+00  2.3840364E-03  1.6517207E-01
  4.9600398E-05  2.2369383E-13  0.0000000E+00  1.0818857E-06  0.0000000E+00  2.3839222E-03  1.6517339E-01
  5.0577413E-05  1.0030673E-13  0.0000000E+00  1.0818905E-06  0.0000000E+00  2.3838243E-03  1.6517412E-01
  5.1554427E-05 -8.0137015E-15  0.0000000E+00  1.0818918E-06  0.0000000E+00  2.3837405E-03  1.6517432E-01
  5.2531442E-05 -1.0306611E-13  0.0000000E+00  1.0818905E-06  0.0000000E+00  2.3836687E-03  1.6517416E-01
  5.3508457E-05 -1.8603086E-13  0.0000000E+00  1.0818902E-06  0.0000000E+00  2.3836073E-03  1.6517460E-01
  5.4485471E-05 -2.5882315E-13  0.0000000E+00  1.0818862E-06  0.0000000E+00  2.3835549E-03  1.6517427E-01
  5.5462486E-05 -3.2234013E-13  0.0000000E+00  1.0818818E-06  0.0000000E+00  2.3835102E-03  1.6517410E-01
  5.6439501E-05 -3.7760092E-13  0.0000000E+00  1.0818778E-06  0.0000000E+00  2.3834720E-03  1.6517424E-01
  5.7416515E-05 -4.2564437E-13  0.0000000E+00  1.0818732E-06  0.0000000E+00  2.3834395E-03  1.6517439E-01
  5.8393530E-05 -4.6737577E-13  0.0000000E+00  1.0818674E-06  0.0000000E+00  2.3834117E-03  1.6517438E-01
  5.9370545E-05 -5.0353706E-13  0.0000000E+00  1.0818608E-06  0.0000000E+00  2.3833882E-03  1.6517429E-01
  6.0347560E-05 -5.3476111E-13  0.0000000E+00  1.0818540E-06  0.0000000E+00  2.3833681E-03  1.6517426E-01
  6.1324574E-05 -5.6161992E-13  0.0000000E+00  1.0818470E-06  0.0000000E+00  2.3833511E-03  1.6517429E-01
  6.2301589E-05 -5.8463689E-13  0.0000000E+00  1.0818398E-06  0.0000000E+00  2.3833366E-03  1.6517432E-01
  6.3278604E-05 -6.0428029E-13  0.0000000E+00  1.0818321E-06  0.0000000E+00  2.3833244E-03  1.6517431E-01
  6.4761188E-05 -6.2853784E-13  0.0000000E+00  1.0818200E-06  0.0000000E+00  2.3833092E-03  1.6517429E-01
  6.6243772E-05 -6.4716209E-13  0.0000000E+00  1.0818074E-06  0.0000000E+00  2.3832975E-03  1.6517427E-01
  6.7726357E-05 -6.6115644E-13  0.0000000E+00  1.0817947E-06  0.0000000E+00  2.3832884E-03  1.6517428E-01
  6.9208941E-05 -6.7135065E-13  0.0000000E+00  1.0817818E-06  0.0000000E+00  2.3832814E-03  1.6517431E-01
  7.0691526E-05 -6.7842975E-13  0.0000000E+00  1.0817687E-06  0.0000000E+00  2.3832760E-03  1.6517432E-01
  7.2174110E-05 -6.8296723E-13  0.0000000E+00  1.0817554E-06  0.0000000E+00  2.3832718E-03  1.6517432E-01
  7.3656694E-05 -6.8544085E-13  0.0000000E+00  1.0817420E-06  0.0000000E+00  2.3832686E-03  1.6517431E-01
  7.5139279E-05 -6.8624176E-13  0.0000000E+00  1.0817286E-06  0.0000000E+00  2.3832662E-03  1.6517431E-01
  7.6621863E-05 -6.8568820E-13  0.0000000E+00  1.0817152E-06  0.0000000E+00  2.3832643E-03  1.6517432E-01
  7.8104448E-05 -6.8404294E-13  0.0000000E+00  1.0817019E-06  0.0000000E+00  2.3832629E-03  1.6517432E-01
  7.9587032E-05 -6.8152567E-13  0.0000000E+00  1.0816886E-06  0.0000000E+00  2.3832618E-03  1.6517432E-01
  8.1069617E-05 -6.7831828E-13  0.0000000E+00  1.0816753E-06  0.0000000E+00  2.3832610E-03  1.6517431E-01
  8.3295837E-05 -6.7252391E-13  0.0000000E+00  1.0816555E-06  0.0000000E+00  2.3832601E-03  1.6517431E-01
  8.5522057E-05 -6.6589430E-13  0.0000000E+00  1.0816359E-06  0.0000000E+00  2.3832596E-03  1.6517431E-01
  8.7748277E-05 -6.5870983E-13  0.0000000E+00  1.0816165E-06  0.0000000E+00  2.3832592E-03  1.6517431E-01
  8.9974497E-05 -6.5117789E-13  0.0000000E+00  1.0815973E-06  0.0000000E+00  2.3832590E-03  1.6517432E-01
  9.2200718E-05 -6.4346073E-13  0.0000000E+00  1.0815783E-06  0.0000000E+00  2.3832589E-03  1.6517432E-01
  9.4426938E-05 -6.3567659E-13  0.0000000E+00  1.0815596E-06  0.0000000E+00  2.3832588E-03  1.6517432E-01
  9.7916464E-05 -6.2352618E-13  0.0000000E+00  1.0815306E-06  0.0000000E+00  2.3832587E-03  1.6517432E-01
  1.0140599E-04 -6.1160139E-13  0.0000000E+00  1.0815023E-06  0.0000000E+00  2.3832587E-03  1.6517432E-01
  1.0489551E-04 -5.9997666E-13  0.0000000E+00  1.0814745E-06  0.0000000E+00  2.3832587E-03  1.6517432E-01
  1.0838504E-04 -5.8868118E-13  0.0000000E+00  1.0814472E-06  0.0000000E+00  2.3832587E-03  1.6517432E-01
  1.1187457E-04 -5.7775385E-13  0.0000000E+00  1.0814204E-06  0.0000000E+00  2.3832587E-03  1.6517432E-01
  1.1536409E-04 -5.6721968E-13  0.0000000E+00  1.0813941E-06  0.0000000E+00  2.3832587E-03  1.6517432E-01
  1.1885362E-04 -5.5705804E-13  0.0000000E+00  1.0813682E-06  0.0000000E+00  2.3832587E-03  1.6517432E-01
  1.2234314E-04 -5.4723226E-13  0.0000000E+00  1.0813429E-06  0.0000000E+00  2.3832587E-03  1.6517432E-01
  1.2824217E-04 -5.3132680E-13  0.0000000E+00  1.0813010E-06  0.0000000E+00  2.3832587E-03  1.6517432E-01
  1.3414121E-04 -5.1621102E-13  0.0000000E+00  1.0812604E-06  0.0000000E+00  2.3832587E-03  1.6517432E-01
  1.4004024E-04 -5.0180615E-13  0.0000000E+00  1.0812208E-06  0.0000000E+00  2.3832587E-03  1.6517432E-01
  1.4965967E-04 -4.7964350E-13  0.0000000E+00  1.0811587E-06  0.0000000E+00  2.3832587E-03  1.6517432E-01
  1.5927910E-04 -4.5891426E-13  0.0000000E+00  1.0810993E-06  0.0000000E+00  2.3832587E-03  1.6517432E-01
  1.6889853E-04 -4.3944002E-13  0.0000000E+00  1.0810424E-06  0.0000000E+00  2.3832587E-03  1.6517432E-01
  1.7851796E-04 -4.2107137E-13  0.0000000E+00  1.0809880E-06  0.0000000E+00  2.3832587E-03  1.6517432E-01
  1.9754007E-04 -3.8759863E-13  0.0000000E+00  1.0808868E-06  0.0000000E+00  2.3832586E-03  1.6517432E-01
  2.1656218E-04 -3.5742160E-13  0.0000000E+00  1.0807935E-06  0.0000000E+00  2.3832586E-03  1.6517432E-01
  2.3558430E-04 -3.3035113E-13  0.0000000E+00  1.0807073E-06  0.0000000E+00  2.3832586E-03  1.6517429E-01
  2.5460641E-04 -3.0603014E-13  0.0000000E+00  1.0806277E-06  0.0000000E+00  2.3832586E-03  1.6517429E-01
  2.8400438E-04 -2.7303389E-13  0.0000000E+00  1.0805157E-06  0.0000000E+00  2.3832586E-03  1.6517429E-01
  3.1340235E-04 -2.4508221E-13  0.0000000E+00  1.0804155E-06  0.0000000E+00  2.3832586E-03  1.6517430E-01
  3.5846008E-04 -2.1016625E-13  0.0000000E+00  1.0802803E-06  0.0000000E+00  2.3832586E-03  1.6517429E-01
  4.0351781E-04 -1.8348584E-13  0.0000000E+00  1.0801639E-06  0.0000000E+00  2.3832586E-03  1.6517428E-01
  4.4857553E-04 -1.6324443E-13  0.0000000E+00  1.0800617E-06  0.0000000E+00  2.3832585E-03  1.6517428E-01
  4.9363326E-04 -1.4784606E-13  0.0000000E+00  1.0799701E-06  0.0000000E+00  2.3832585E-03  1.6517428E-01
  5.3869099E-04 -1.3634130E-13  0.0000000E+00  1.0798861E-06  0.0000000E+00  2.3832585E-03  1.6517428E-01
  5.8374872E-04 -1.2782522E-13  0.0000000E+00  1.0798078E-06  0.0000000E+00  2.3832585E-03  1.6517427E-01
  6.2880645E-04 -1.2170423E-13  0.0000000E+00  1.0797339E-06  0.0000000E+00  2.3832585E-03  1.6517427E-01
  6.7386418E-04 -1.1756251E-13  0.0000000E+00  1.0796630E-06  0.0000000E+00  2.3832585E-03  1.6517427E-01
  7.4595238E-04 -1.1417372E-13  0.0000000E+00  1.0795534E-06  0.0000000E+00  2.3832585E-03  1.6517428E-01
  8.1804058E-04 -1.1371624E-13  0.0000000E+00  1.0794458E-06  0.0000000E+00  2.3832585E-03  1.6517428E-01
  8.9012878E-04 -1.1542008E-13  0.0000000E+00  1.0793375E-06  0.0000000E+00  2.3832585E-03  1.6517428E-01
  9.6221699E-04 -1.1805288E-13  0.0000000E+00  1.0792268E-06  0.0000000E+00  2.3832584E-03  1.6517427E-01
  1.0343052E-03 -1.2287049E-13  0.0000000E+00  1.0791124E-06  0.0000000E+00  2.3832584E-03  1.6517427E-01
  1.1063934E-03 -1.2799367E-13  0.0000000E+00  1.0789935E-06  0.0000000E+00  2.3832584E-03  1.6517427E-01
  1.2153596E-03 -1.3790098E-13  0.0000000E+00  1.0788030E-06  0.0000000E+00  2.3832584E-03  1.6517427E-01
  1.3243258E-03 -1.4973588E-13  0.0000000E+00  1.0785972E-06  0.0000000E+00  2.3832584E-03  1.6517427E-01
  1.4332921E-03 -1.6373667E-13  0.0000000E+00  1.0783728E-06  0.0000000E+00  2.3832583E-03  1.6517428E-01
