  5.2081430E-08  6.9700000E+02  6.9710026E+02  6.9700000E+02
  1.1099429E-07  6.9800000E+02  6.9807080E+02  6.9800000E+02
  1.9273073E-07  6.9900000E+02  6.9930359E+02  6.9900000E+02
  2.7549584E-07  7.0000000E+02  7.0042225E+02  7.0000000E+02
  3.4921287E-07  7.0100000E+02  7.0131331E+02  7.0100000E+02
  4.2292991E-07  7.0200000E+02  7.0210925E+02  7.0200000E+02
  5.3350546E-07  7.0300000E+02  7.0313333E+02  7.0300000E+02
  6.8093954E-07  7.0400000E+02  7.0420174E+02  7.0400000E+02
  8.5278964E-07  7.0500000E+02  7.0505489E+02  7.0500000E+02
  1.5974734E-06  7.0400000E+02  7.0489083E+02  7.0500000E+02
  1.8266069E-06  7.0300000E+02  7.0389337E+02  7.0500000E+02
  1.9984570E-06  7.0200000E+02  7.0293624E+02  7.0500000E+02
  2.1703071E-06  7.0100000E+02  7.0182982E+02  7.0500000E+02
  2.3421572E-06  7.0000000E+02  7.0059823E+02  7.0500000E+02
  2.4567239E-06  6.9900000E+02  6.9971844E+02  7.0500000E+02
  2.5563381E-06  6.9800000E+02  6.9892070E+02  7.0500000E+02
  2.7555665E-06  6.9700000E+02  6.9724842E+02  7.0500000E+02
  2.8551807E-06  6.9600000E+02  6.9638035E+02  7.0500000E+02
  2.9547949E-06  6.9500000E+02  6.9549495E+02  7.0500000E+02
  3.0544091E-06  6.9400000E+02  6.9459492E+02  7.0500000E+02
  3.1540233E-06  6.9300000E+02  6.9368278E+02  7.0500000E+02
  3.2536375E-06  6.9200000E+02  6.9276085E+02  7.0500000E+02
  3.3532516E-06  6.9100000E+02  6.9183129E+02  7.0500000E+02
  3.4528658E-06  6.9000000E+02  6.9089608E+02  7.0500000E+02
  3.5524800E-06  6.8900000E+02  6.8995707E+02  7.0500000E+02
  3.7517084E-06  6.8800000E+02  6.8807423E+02  7.0500000E+02
  3.8513226E-06  6.8700000E+02  6.8713337E+02  7.0500000E+02
  3.9509368E-06  6.8600000E+02  6.8619466E+02  7.0500000E+02
  4.0505510E-06  6.8500000E+02  6.8525927E+02  7.0500000E+02
  4.0961841E-06  6.8400000E+02  6.8483219E+02  7.0500000E+02
  4.2414314E-06  6.8300000E+02  6.8348006E+02  7.0500000E+02
  4.3140551E-06  6.8200000E+02  6.8280876E+02  7.0500000E+02
  4.4593024E-06  6.8100000E+02  6.8147730E+02  7.0500000E+02
  4.5319260E-06  6.8000000E+02  6.8081771E+02  7.0500000E+02
  4.5100487E-06  6.8100000E+02  6.8101595E+02  7.0500000E+02
  4.5607951E-06  6.8000000E+02  6.8055672E+02  7.0500000E+02
  4.6622878E-06  6.7900000E+02  6.7964494E+02  7.0500000E+02
  4.7705591E-06  6.7800000E+02  6.7868267E+02  7.0500000E+02
  4.8674849E-06  6.7700000E+02  6.7783083E+02  7.0500000E+02
  4.9708443E-06  6.7600000E+02  6.7693291E+02  7.0500000E+02
  5.0802292E-06  6.7500000E+02  6.7599486E+02  7.0500000E+02
  5.0734308E-06  6.7600000E+02  6.7605279E+02  7.0500000E+02
  5.0868716E-06  6.7500000E+02  6.7593831E+02  7.0500000E+02
  5.2194089E-06  6.7400000E+02  6.7482011E+02  7.0500000E+02
  5.3282969E-06  6.7300000E+02  6.7391615E+02  7.0500000E+02
  5.4636522E-06  6.7200000E+02  6.7281142E+02  7.0500000E+02
  5.5798057E-06  6.7100000E+02  6.7188044E+02  7.0500000E+02
  5.6959593E-06  6.7000000E+02  6.7096540E+02  7.0500000E+02
  5.8701896E-06  6.6900000E+02  6.6962302E+02  7.0500000E+02
  5.9863431E-06  6.6800000E+02  6.6874832E+02  7.0500000E+02
  6.1024967E-06  6.6700000E+02  6.6788982E+02  7.0500000E+02
  6.2837437E-06  6.6600000E+02  6.6658252E+02  7.0500000E+02
  6.3743672E-06  6.6500000E+02  6.6594357E+02  7.0500000E+02
  6.5556143E-06  6.6400000E+02  6.6469483E+02  7.0500000E+02
  6.7368613E-06  6.6300000E+02  6.6348454E+02  7.0500000E+02
  6.8274848E-06  6.6200000E+02  6.6289363E+02  7.0500000E+02
  7.0087319E-06  6.6100000E+02  6.6173982E+02  7.0500000E+02
  7.1899789E-06  6.6000000E+02  6.6062272E+02  7.0500000E+02
  7.3712260E-06  6.5900000E+02  6.5954148E+02  7.0500000E+02
  7.5524730E-06  6.5800000E+02  6.5849520E+02  7.0500000E+02
  7.6430965E-06  6.5700000E+02  6.5798489E+02  7.0500000E+02
  7.8243436E-06  6.5600000E+02  6.5698929E+02  7.0500000E+02
  8.0161934E-06  6.5500000E+02  6.5597091E+02  7.0500000E+02
  8.2413043E-06  6.5400000E+02  6.5482092E+02  7.0500000E+02
  8.4320468E-06  6.5300000E+02  6.5388312E+02  7.0500000E+02
  8.6790844E-06  6.5200000E+02  6.5271651E+02  7.0500000E+02
  8.8919552E-06  6.5100000E+02  6.5175292E+02  7.0500000E+02
  9.2228602E-06  6.5000000E+02  6.5032780E+02  7.0500000E+02
  9.3883128E-06  6.4900000E+02  6.4964693E+02  7.0500000E+02
  9.5537653E-06  6.4800000E+02  6.4898628E+02  7.0500000E+02
  9.8846704E-06  6.4700000E+02  6.4772299E+02  7.0500000E+02
  1.0215576E-05  6.4600000E+02  6.4653279E+02  7.0500000E+02
  1.0381028E-05  6.4500000E+02  6.4596360E+02  7.0500000E+02
  1.0711933E-05  6.4400000E+02  6.4487414E+02  7.0500000E+02
  1.1042838E-05  6.4300000E+02  6.4384635E+02  7.0500000E+02
  1.1373743E-05  6.4200000E+02  6.4287617E+02  7.0500000E+02
  1.1312832E-05  6.4300000E+02  6.4305060E+02  7.0500000E+02
  1.1333740E-05  6.4200000E+02  6.4299051E+02  7.0500000E+02
  1.1721389E-05  6.4100000E+02  6.4191480E+02  7.0500000E+02
  1.2112815E-05  6.4000000E+02  6.4089845E+02  7.0500000E+02
  1.2487692E-05  6.3900000E+02  6.3998596E+02  7.0500000E+02
  1.2950787E-05  6.3800000E+02  6.3893457E+02  7.0500000E+02
  1.3483859E-05  6.3700000E+02  6.3781925E+02  7.0500000E+02
  1.3924312E-05  6.3600000E+02  6.3696764E+02  7.0500000E+02
  1.4609378E-05  6.3500000E+02  6.3575645E+02  7.0500000E+02
  1.5120026E-05  6.3400000E+02  6.3493486E+02  7.0500000E+02
  1.5800891E-05  6.3300000E+02  6.3393592E+02  7.0500000E+02
  1.6634359E-05  6.3200000E+02  6.3284667E+02  7.0500000E+02
  1.7467828E-05  6.3100000E+02  6.3188627E+02  7.0500000E+02
  1.8579119E-05  6.3000000E+02  6.3077805E+02  7.0500000E+02
  1.9690410E-05  6.2900000E+02  6.2983741E+02  7.0500000E+02
  2.1079524E-05  6.2800000E+02  6.2885749E+02  7.0500000E+02
  2.2746461E-05  6.2700000E+02  6.2791514E+02  7.0500000E+02
  2.4969044E-05  6.2600000E+02  6.2696568E+02  7.0500000E+02
  2.8612187E-05  6.2500000E+02  6.2594233E+02  7.0500000E+02
  3.6422739E-05  6.2400000E+02  6.2495830E+02  7.0500000E+02
