# Table 11 from Lee, Herbst, et al. 1996:
# N(CO),         th1[N(CO)]           N(H2),           th2[N(H2)]        Av              th3[Av]        
# cm^-2                               cm^-2           
0.000E+00        1.000E+00            0.000E+00        1.000E+00         0.000E+00       1.000E+00
1.000E+12        9.990E-01            2.666E+13        9.999E-01         1.000E-07       1.000E+00
1.650E+12        9.981E-01            3.801E+14        9.893E-01         1.000E-06       1.000E+00
2.995E+12        9.961E-01            6.634E+15        9.678E-01         1.000E-05       1.000E+00
5.979E+12        9.912E-01            8.829E+16        9.465E-01         1.000E-04       9.991E-01
1.313E+13        9.815E-01            9.268E+17        9.137E-01         1.000E-03       9.887E-01
3.172E+13        9.601E-01            1.007E+18        9.121E-01         1.086E-03       9.877E-01
8.429E+13        9.113E-01            2.021E+18        8.966E-01         2.171E-03       9.755E-01
2.464E+14        8.094E-01            3.036E+18        8.862E-01         3.257E-03       9.638E-01
7.923E+14        6.284E-01            4.051E+18        8.781E-01         4.343E-03       9.524E-01
1.670E+15        4.808E-01            5.066E+18        8.716E-01         5.429E-03       9.413E-01
2.595E+15        3.889E-01            6.082E+18        8.660E-01         6.514E-03       9.306E-01
4.435E+15        2.827E-01            7.097E+18        8.612E-01         7.600E-03       9.202E-01
6.008E+15        2.293E-01            8.112E+18        8.569E-01         8.686E-03       9.101E-01
8.952E+15        1.695E-01            9.341E+18        8.524E-01         1.000E-02       8.983E-01
1.334E+16        1.224E-01            1.014E+19        8.497E-01         1.086E-02       8.908E-01
1.661E+16        1.017E-01            2.030E+19        8.262E-01         2.171E-02       8.081E-01
2.274E+16        7.764E-02            3.045E+19        8.118E-01         3.257E-02       7.422E-01
3.115E+16        5.931E-02            4.061E+19        8.011E-01         4.343E-02       6.875E-01
4.266E+16        4.546E-02            5.076E+19        7.921E-01         5.429E-02       6.404E-01
5.843E+16        3.506E-02            6.092E+19        7.841E-01         6.514E-02       5.990E-01
8.002E+16        2.728E-02            7.107E+19        7.769E-01         7.600E-02       5.620E-01
1.096E+17        2.143E-02            8.123E+19        7.702E-01         8.686E-02       5.284E-01
1.501E+17        1.700E-02            9.353E+19        7.626E-01         1.000E-01       4.916E-01
2.055E+17        1.360E-02            1.015E+20        7.579E-01         1.086E-01       4.696E-01
2.815E+17        1.094E-02            2.031E+20        7.094E-01         2.171E-01       2.757E-01
4.241E+17        8.273E-03            3.047E+20        6.712E-01         3.257E-01       1.705E-01
6.389E+17        6.283E-03            4.062E+20        6.378E-01         4.343E-01       1.084E-01
9.625E+17        4.773E-03            5.078E+20        6.074E-01         5.429E-01       7.013E-02
1.450E+18        3.611E-03            6.094E+20        5.791E-01         6.514E-01       4.593E-02
2.184E+18        2.704E-03            7.109E+20        5.524E-01         7.600E-01       3.037E-02
3.291E+18        1.986E-03            8.125E+20        5.271E-01         8.686E-01       2.023E-02
4.124E+18        1.657E-03            9.355E+20        4.977E-01         1.000E+00       1.247E-02
5.685E+18        1.258E-03            1.016E+21        4.793E-01         1.086E+00       9.130E-03
7.838E+18        9.332E-04            2.031E+21        2.837E-01         2.171E+00       2.133E-04
1.080E+19        6.745E-04            3.047E+21        1.526E-01         3.257E+00       6.269E-06
1.285E+19        5.596E-04            4.063E+21        7.774E-02         4.343E+00       2.108E-07
1.681E+19        4.123E-04            5.078E+21        3.952E-02         5.429E+00       7.633E-09
2.199E+19        2.982E-04            6.094E+21        2.093E-02         6.514E+00       2.873E-10
2.538E+19        2.490E-04            7.110E+21        1.199E-02         7.600E+00       1.102E-11
3.222E+19        1.827E-04            8.125E+21        7.666E-03         8.686E+00       4.273E-13
4.091E+19        1.324E-04            9.355E+21        5.333E-03         1.000E+01       8.412E-15
5.193E+19        9.473E-05            1.016E+22        4.666E-03         3.000E+08       0.000E-00
5.893E+19        7.891E-05                                               
7.356E+19        5.668E-05
8.269E+19        4.732E-05
9.246E+19        3.967E-05
1.031E+20        3.327E-05
1.148E+20        2.788E-05
1.277E+20        2.331E-05
1.419E+20        1.944E-05
1.578E+20        1.619E-05

